31 802 871 1009 1178 23 164 308 
293 










241 946 1123 480 86 482 718 1010 205 497 998 1156 928 
1168 


875 




545 288 






583 
968 


1061 1162 
1130 

166 



198 



218 


812 1011 




650 



927 


693 






710 193 


964 











637 
1089 



6 



159 

550 





299 




9 







1182 187 








880 
931 


323 


429 
951 
757 977 1125 121 382 








51 













580 1048 96 



854 




1192 228 
282 




350 706 






844 














850 





















528 

















1034 








366 











428 











151 




639 


952 35 543 





831 



1022 


180 














739 997 261 







69 792 









1099 77 








687 





219 












835 

929 






























332 















400 











103 305 
471 

294 858 




212 























1000 






144 
267 705 








799 1160 











138 












291 























































627 













1091 









1146 605 50 



515 




















522 825 





106 



539 





584 






859 



1021 


























555 



















30 

































629 














1174 491 


979 589 




1075 











149 





745 



7 









245 








1016 











504 

























1153 


742 


391 

























573 367 







961 




34 














576 

















798 













59 





837 























909 


107 





341 





















601 



1063 883 





467 























649 






559 





677 




940 235 




119 


25 
