2 6 10 14 17 19 23 27 34 37 
4 13 18 26 35 41 46 
7 21 39 47 54 59 61 66 
16 43 58 62 70 
29 60 71 75 83 90 94 100 
50 74 87 99 106 109 
67 93 107 114 121 123 125 128 
82 110 122 126 133 139 142 160 339 431 520 543 590 596 616 703 817 901 935 
104 124 138 143 146 150 161 163 167 513 558 613 801 917 1005 1035 1070 
117 141 149 162 593 872 1021 1069 1176 1278 
130 164 171 173 176 178 185 192 1133 1297 1312 1350 1369 1413 1438 1471 
144 170 175 183 193 199 1227 1346 1370 1424 1477 1544 1595 1606 1639 1652 
172 186 200 202 208 211 216 220 1310 1446 1575 1617 1662 1683 1696 1710 1722 1743 
177 201 209 218 225 230 234 1352 1522 1641 1686 1711 
198 213 229 236 239 241 245 250 1599 1708 1752 1765 1780 1816 1856 1873 1882 1890 
207 232 240 248 253 1674 1761 1827 1859 1889 1897 
224 242 254 256 261 264 1773 1878 1902 1914 1934 2007 2027 2095 2113 
237 255 263 266 280 283 286 1893 1930 2021 2109 2157 2205 2249 2260 
252 265 281 287 289 1904 2062 2153 2243 2268 2296 2338 
258 284 291 296 298 300 302 1963 2188 2252 2324 2360 2370 2375 2422 2455 2475 2479 2510 2531 2555 2563 2588 2608 2650 2690 2694 2701 2718 2725 2747 2751 
274 295 299 2288 2362 2417 2462 2498 2536 2575 2605 2652 2719 2750 2776 2785 2803 2821 2833 2870 2882 2916 
288 301 304 307 315 324 327 332 334 2341 2476 2557 2627 2778 2826 2891 2920 2925 2936 2952 2972 2994 3021 3037 3063 3086 3106 
303 312 325 333 342 347 350 2511 2693 2847 2917 2924 2944 2984 3031 3064 3102 3109 3116 3122 3136 3144 3159 
305 328 343 351 355 2957 3108 3120 3141 3163 3171 3177 3188 3206 3223 3237 3245 3267 3283 3289 3299 3312 3325 3336 3365 3378 
319 349 360 365 369 371 373 377 381 3013 3112 3146 3173 3191 3210 3263 3284 3301 3335 3380 3408 
352 370 376 382 384 388 3125 3182 3225 3269 3292 3399 3417 3432 3440 3455 3509 3521 3524 3526 3546 3556 3573 3580 3596 
361 372 383 389 391 395 397 3164 3324 3413 3437 3501 3522 3539 3567 3576 3600 3613 3631 3666 3676 3678 3681 3694 3726 3755 
378 390 396 400 402 404 406 3421 3519 3552 3586 3605 3624 3670 3679 3737 3769 3791 3797 3812 3826 3845 3853 3865 3880 3890 3899 
387 398 403 407 412 414 417 421 3441 3525 3644 3693 3775 3799 3835 3855 3888 3903 3907 3916 3928 3950 
392 405 413 418 423 425 3794 3879 3904 3919 3973 3983 3990 3994 3999 4004 4015 4026 4033 4037 4044 4057 4060 4066 4102 4109 4115 4130 
401 416 424 427 429 432 438 441 3823 3891 3945 3987 3996 4013 4031 4055 4065 4105 4118 4151 4155 4170 4174 4183 4185 4215 4226 4230 
408 426 436 442 449 455 457 3981 4002 4035 4058 4113 4154 4171 4184 4218 4229 4251 4271 4290 4297 4305 4317 4323 4335 
422 439 454 460 464 471 475 3993 4101 4162 4241 4253 4275 4303 4318 4336 4343 4359 4372 4392 4409 4411 4424 4434 4465 4470 4475 4483 
428 446 461 472 477 480 483 488 4024 4139 4291 4327 4350 4371 4401 4419 4453 4473 4502 4505 4514 4520 4538 4556 4565 4591 
456 476 482 491 494 499 504 4175 4311 4376 4410 4469 4503 4517 4546 4562 4597 4602 4608 4623 4635 4645 4653 4676 4681 4693 4698 4701 
470 484 498 505 507 509 514 4338 4430 4510 4585 4605 4624 4648 4684 4703 4735 4747 4760 4766 4781 4785 4797 4826 4840 4861 4876 4880 
479 503 508 516 523 528 4479 4525 4598 4664 4695 4711 4742 4775 4792 4828 4852 4877 4897 4904 4911 4928 4936 4938 4950 
493 511 518 525 529 535 537 540 4748 4782 4870 4903 4925 4937 4951 4954 4977 4981 4991 4997 5005 5021 5027 5033 5039 
506 532 539 542 544 547 550 553 556 4807 4908 4947 4966 4988 4999 5031 5043 5050 5052 5064 5068 5076 5085 5101 5113 5123 5127 5130 5135 5146 5151 5158 
536 545 552 565 568 571 574 4952 4992 5036 5051 5067 5084 5120 5128 5138 5162 5169 5175 5192 5201 5208 5227 5235 5242 5244 
541 549 566 573 580 4979 5046 5072 5125 5150 5167 5181 5193 5204 5232 5243 5250 5272 5283 5296 5318 5332 5337 
554 570 581 584 594 597 599 5008 5053 5134 5170 5214 5236 5264 5287 5331 5338 5351 5355 5382 5394 5404 5408 5416 5423 5436 5439 5445 5454 5458 5464 5468 
575 595 598 604 5098 5335 5353 5387 5399 5411 5430 5441 5456 5467 5471 5486 5493 5495 5497 5505 5519 5530 5551 5559 5567 
582 602 606 610 612 614 617 5347 5405 5437 5461 5473 5489 5496 5514 5536 5561 5573 5577 5581 5592 5600 5605 5628 5633 5647 5653 5660 5673 5689 5691 5703 
605 611 618 621 624 629 5375 5421 5470 5494 5521 5575 5595 5606 5640 5654 5680 5702 5711 5715 5719 5724 5729 5740 5768 5777 5795 
609 619 625 633 636 642 644 650 653 5451 5498 5579 5601 5651 5690 5713 5723 5731 5770 5798 5805 5814 5832 5838 5846 5864 5866 5881 5889 5893 5901 
622 634 643 651 656 659 662 666 5555 5631 5708 5726 5784 5809 5833 5859 5887 5895 5905 5917 5934 5938 5941 5945 5950 5964 5986 5994 5999 6001 6014 
631 648 658 664 670 676 5661 5800 5843 5892 5908 5937 5944 5958 5997 6007 6023 6031 6034 6049 6054 6064 6078 6085 6090 6110 6119 6131 6163 
638 667 677 684 689 692 5918 5947 6000 6027 6033 6051 6070 6094 6118 6143 6168 6176 6183 6191 6203 6212 6234 6239 6272 6280 6290 6300 6302 6308 
654 672 687 695 699 705 712 715 719 5939 6018 6037 6080 6120 6171 6184 6205 6236 6275 6296 6306 6315 6329 6332 6349 6356 6362 6365 6371 6374 
683 696 709 716 721 726 5982 6057 6164 6196 6250 6283 6328 6347 6359 6366 6377 6389 6405 6410 6423 6435 6442 6454 6468 6472 6480 6488 6490 6494 
691 713 723 728 730 732 742 744 6179 6301 6330 6363 6382 6418 6437 6458 6473 6489 6497 6507 6514 6520 6534 6536 6541 6547 6554 6559 6572 6587 6592 
720 729 734 746 749 752 6225 6351 6396 6446 6469 6491 6511 6522 6549 6565 6591 6604 6609 6614 6618 6635 6650 6669 6683 6687 6701 6712 6714 6722 6729 6740 
727 743 751 755 757 763 765 767 772 6373 6487 6518 6555 6597 6608 6616 6630 6660 6685 6706 6725 6761 6775 6777 6780 6799 6805 6817 6820 6824 6833 6836 6849 
731 754 762 766 773 6499 6535 6582 6610 6642 6694 6772 6779 6801 6818 6835 6850 6859 6862 6870 6878 6884 6887 6894 6903 6914 6920 6927 6934 6939 
747 764 774 776 781 788 791 794 6776 6807 6855 6869 6891 6905 6917 6928 6945 6949 6952 6959 6962 6967 6975 6982 7001 7011 7018 7029 7035 7045 7051 7060 7068 7075 
756 775 784 793 796 804 808 6783 6861 6899 6936 6950 6961 6970 6985 7027 7040 7052 7087 7101 7110 7114 7119 7126 7132 7140 7162 7166 7169 7186 7192 7198 
771 790 807 811 816 819 821 824 6821 6948 6964 7006 7033 7067 7094 7116 7127 7152 7168 7188 7202 7208 7218 7228 7232 7239 7245 7251 7254 7264 7272 7274 7291 
779 810 820 827 831 836 840 6979 7049 7106 7125 7164 7215 7219 7229 7242 7253 7265 7273 7292 7303 7309 7317 7320 7328 7336 7341 7349 7357 7359 7367 7370 7374 7397 7403 
795 812 822 833 841 845 849 851 7183 7249 7277 7293 7308 7335 7346 7358 7368 7387 7404 7408 7416 7419 7431 7442 7451 7461 7470 7475 7481 7486 7493 7498 7509 7520 7526 
830 844 850 854 857 860 864 867 7256 7340 7363 7398 7435 7454 7472 7482 7495 7516 7530 7548 7558 7561 7569 7581 7587 7595 7605 7614 7621 
838 852 859 865 869 873 7353 7406 7446 7478 7500 7521 7546 7559 7572 7597 7626 7646 7650 7662 7670 7674 7681 7689 7695 7702 7705 7708 7710 7713 7732 7737 
848 862 871 875 887 895 898 7462 7490 7549 7584 7609 7627 7656 7672 7683 7694 7703 7724 7745 7749 7752 7759 7765 7775 7784 7788 7791 7794 7798 7801 7812 
855 882 897 902 904 908 911 7648 7679 7706 7735 7747 7754 7771 7787 7792 7799 7820 7827 7833 7841 7851 7855 7867 7870 7876 7881 7894 7902 7910 7914 
868 892 903 909 7751 7776 7809 7830 7854 7873 7900 7911 7917 7919 7937 7940 7956 7967 7977 7990 7994 8001 8007 8015 8024 8030 8042 8045 8057 8066 8083 
899 906 914 920 923 926 930 7762 7839 7879 7915 7922 7938 7966 7986 7992 8002 8022 8041 8075 8093 8099 8111 8117 8121 8131 8147 8160 8167 8171 8176 8183 8185 8190 
912 922 929 933 938 941 7790 7918 7942 8000 8027 8085 8113 8127 8151 8168 8180 8187 8202 8205 8208 8226 8229 8250 8253 8255 8259 8270 8274 8277 
924 940 947 951 953 7976 8013 8120 8162 8174 8198 8204 8227 8246 8254 8266 8276 8282 8287 8294 8297 8304 8307 8318 8325 8327 8335 8341 8344 
932 944 952 957 960 962 964 966 968 8043 8134 8184 8206 8256 8283 8295 8305 8319 8342 8348 8352 8370 8383 8395 8419 8428 8430 8435 8443 8445 8456 8467 8474 8482 8486 8492 
948 959 963 967 972 976 983 8298 8309 8350 8377 8407 8429 8437 8451 8465 8484 8494 8501 8503 8512 8522 8532 8541 8543 8552 8561 
956 965 975 984 988 991 8326 8369 8424 8472 8489 8502 8514 8536 8544 8565 8572 8577 8581 8586 8591 8600 8602 8605 8609 8617 8625 8637 8644 8650 8656 8660 8663 
961 986 993 1002 1006 1010 1018 1022 1025 8385 8509 8542 8568 8579 8587 8601 8606 8622 8642 8653 8662 8669 8674 8682 8689 8694 8697 8706 8710 8718 
971 989 1008 1019 8431 8528 8574 8604 8648 8664 8675 8692 8695 8709 8719 8726 8736 8748 8752 8760 8763 8771 8778 8785 8791 8802 8807 8810 8814 8819 
997 1012 1024 1029 1031 1036 1040 1044 8554 8583 8657 8712 8720 8737 8757 8766 8781 8794 8803 8811 8821 8826 8828 8832 8835 8837 8839 8848 8853 8862 8870 8873 
1026 1030 1037 1046 1049 1056 8734 8774 8809 8824 8831 8836 8846 8859 8871 8875 8880 8885 8889 8895 8904 8910 8916 8922 8926 8938 8945 8950 8957 8959 
1043 1054 1062 1064 1068 1071 8790 8817 8834 8851 8874 8882 8892 8905 8920 8923 8931 8949 8958 8963 8970 8980 8986 9001 9007 9012 9015 9019 9021 9032 
1048 1063 1075 1077 1084 1086 1088 8827 8864 8887 8897 8942 8961 8972 8989 9010 9017 9030 9034 9038 9048 9060 9065 9075 9077 9084 9089 9095 9099 9112 9117 9121 
1060 1076 1085 1089 1093 1096 8838 8912 8966 9002 9020 9044 9062 9076 9087 9098 9115 9123 9127 9129 9134 9139 9144 9168 9179 9182 9184 9187 9194 9200 9205 9211 9220 
1066 1082 1090 1098 8876 9013 9073 9090 9124 9130 9143 9172 9183 9190 9201 9213 9223 9226 9242 9249 9264 9275 9285 9294 9307 9310 9321 9326 
1087 1099 1103 1108 1110 1113 1118 1124 1130 1132 9083 9128 9154 9185 9210 9224 9243 9266 9286 9296 9311 9322 9334 9336 9341 9349 9352 9360 9367 9376 9381 9384 9389 9395 9405 9408 
1094 1106 1111 1119 1131 1134 9107 9136 9196 9230 9309 9328 9347 9356 9365 9377 9391 9406 9418 9424 9426 9429 9449 9460 9463 
1102 1114 1137 1140 1142 1145 1150 1155 9181 9259 9335 9351 9375 9401 9409 9423 9433 9453 9464 9469 9473 9478 9491 9496 9500 9509 9523 9527 9532 9555 9564 9572 9581 9588 9592 
1109 1139 1143 1153 1161 1166 1171 9461 9472 9481 9492 9497 9505 9526 9537 9571 9582 9594 9599 9606 9615 9621 9623 9627 9632 9637 9644 9651 9658 9665 
1127 1141 1160 1170 1174 1179 1184 1188 9465 9514 9574 9613 9622 9630 9639 9646 9662 9667 9678 9689 9694 9702 9714 9724 9727 9742 9744 9750 9752 9764 9772 
1148 1173 1181 1193 1195 1199 9474 9529 9590 9617 9624 9671 9679 9698 9716 9729 9743 9751 9786 9792 9796 9801 9803 9814 9825 9839 9846 9848 9856 9860 9864 9868 
1162 1186 1198 1202 1204 1207 9636 9692 9747 9791 9797 9804 9815 9841 9847 9858 9870 9879 9887 9894 9896 9899 9907 9916 9925 9930 9936 
1194 1203 1208 1211 1213 1218 1225 9761 9794 9834 9853 9873 9882 9895 9905 9920 9937 9940 9945 9948 9954 9965 9967 9978 9987 9991 9998 10001 10015 10018 10026 10030 
1200 1209 1217 1226 1229 1231 1237 1241 9802 9861 9897 9943 9949 9966 9980 9989 10000 10017 10029 10042 10050 10053 10056 10060 10066 10071 10081 10087 10096 10098 10107 10110 10116 10119 10129 10135 
1205 1223 1230 1239 9914 9947 9976 10006 10025 10043 10055 10065 10082 10108 10117 10132 10142 10145 10151 10158 10162 10168 10174 10177 
1212 1235 1245 1249 1255 1267 1271 9958 10032 10058 10094 10114 10143 10161 10171 10181 10183 10188 10190 10192 10195 10200 10211 10231 10237 10241 10252 10254 10257 10261 10263 10269 10274 
1242 1251 1269 1274 1277 1281 1284 1289 10067 10121 10146 10164 10182 10189 10194 10201 10242 10256 10262 10272 10279 10287 10291 10298 10300 10303 10307 
1248 1272 1283 1291 1294 1296 1298 10175 10191 10212 10258 10276 10293 10302 10311 10334 10338 10348 10351 10360 10363 10365 10370 10376 10393 10400 10405 10428 10446 10454 10458 10462 10476 
1263 1286 1295 1300 1303 1305 1311 10187 10282 10299 10335 10349 10364 10371 10397 10403 10441 10477 10480 10482 10485 10495 10500 10510 10517 10521 10529 10540 10543 10554 10556 
1276 1293 1302 1306 1314 1316 10197 10306 10341 10366 10451 10478 10484 10505 10520 10530 10555 10571 10579 10585 10591 10596 10598 10604 10614 10617 10620 10628 
1304 1315 1322 1326 1330 1339 1344 10359 10487 10514 10570 10581 10588 10594 10603 10616 10624 10636 10647 10649 10654 10656 10660 10675 10686 10696 10699 10704 10709 10714 10716 10720 10723 
1319 1328 1340 1347 1355 1357 10525 10609 10641 10650 10657 10703 10710 10718 10726 10743 10747 10756 10761 10770 10775 10778 10781 10785 
1325 1349 1356 1371 1375 1377 1380 1385 1388 10618 10648 10706 10722 10745 10759 10772 10780 10789 10794 10806 10817 10826 10838 10840 10843 10847 10856 10862 10869 10871 10875 10880 10898 10901 
1338 1362 1376 1382 1390 1393 1398 10655 10715 10750 10764 10776 10782 10805 10819 10830 10842 10854 10868 10872 10877 10907 10909 10915 10920 10929 10938 10950 
1378 1392 1399 1408 10793 10839 10857 10882 10910 10918 10933 10951 10966 10968 10978 10983 10992 10998 11004 11007 11011 11013 11015 11026 
1387 1394 1416 1418 1421 1425 1430 1432 10844 10926 10956 10975 10984 11006 11012 11028 11035 11044 11052 11061 11087 11096 11102 11109 11117 11123 11127 
1405 1417 1423 1428 1434 1447 10870 10940 10967 10997 11014 11033 11048 11089 11098 11115 11126 11130 11132 11142 11150 11154 11160 11168 11177 11182 11191 11198 11205 11211 11216 
1420 1431 1450 1453 1455 1458 10982 11038 11057 11118 11129 11133 11143 11153 11161 11190 11200 11208 11217 11228 11230 11236 11241 11247 11253 11259 
1452 1456 1461 1463 1465 1469 1478 1480 11131 11156 11193 11212 11223 11229 11239 11251 11261 11268 11278 11284 11286 11291 11294 11301 11310 11317 11325 11329 11337 11344 11358 
1454 1462 1467 1479 1484 1488 1493 11234 11254 11279 11287 11293 11314 11326 11339 11364 11370 11374 11380 11387 11389 11391 11397 11403 11413 11428 11431 
1459 1481 1489 1501 1504 1507 1510 1515 11245 11295 11323 11350 11365 11373 11388 11393 11404 11433 11438 11442 11454 11461 11464 11473 11478 11481 11497 11507 11515 11521 
1464 1485 1503 1508 1516 1518 11265 11375 11390 11416 11437 11456 11462 11474 11483 11514 11523 11526 11529 11531 11540 11542 11553 11555 11557 11563 11571 
1498 1514 1519 1523 1528 1530 1534 1536 1543 11402 11439 11479 11520 11528 11537 11544 11556 11567 11579 11588 11591 11596 11599 11606 11610 11617 11620 11622 11625 
1505 1526 1532 1538 1545 11502 11524 11554 11575 11594 11612 11618 11627 11631 11658 11668 11675 11679 11686 11688 11693 11699 11704 11706 
1517 1529 1546 1548 1553 1557 1560 11530 11560 11628 11670 11691 11708 11714 11723 11726 11732 11744 11748 11752 11755 11758 11763 11765 11769 11773 11780 11786 11790 11793 11795 11804 
1535 1547 1555 1561 1569 1577 1581 1586 1589 11580 11634 11678 11696 11712 11724 11736 11749 11757 11764 11772 11783 11788 11791 
1550 1562 1580 1587 1593 11718 11746 11768 11794 11806 11809 11817 11822 11831 11836 11847 11852 11854 11857 11863 11867 11870 11875 11889 11894 
1558 1585 1596 1603 1611 1615 1620 11730 11778 11801 11819 11828 11842 11853 11859 11873 11893 11902 11908 11915 11918 11922 11927 11932 11941 
1574 1591 1613 1621 1628 1638 11754 11855 11876 11899 11912 11921 11929 11942 11955 11961 11973 11981 11985 11990 11994 11997 12004 12020 
1616 1624 1640 1644 1646 1653 1656 1663 11865 11917 11933 11960 11980 11988 11995 12007 12027 12030 12034 12043 12060 12069 12074 12076 12079 
1633 1645 1654 1665 11925 11970 11992 12022 12031 12044 12065 12075 12081 12083 12097 12104 12115 12119 12122 12125 12131 12139 12146 12158 12160 
1651 1661 1666 1670 1680 1684 1687 1695 11982 12029 12071 12082 12101 12123 12133 12163 12168 12175 12178 12190 12197 12201 
1667 1681 1685 1689 1697 1700 1703 1705 1709 11998 12092 12128 12166 12176 12192 12203 12205 12212 12215 12223 12227 12241 12244 12248 12259 
1699 1704 1712 1719 12109 12140 12174 12198 12213 12224 12247 12264 12267 12278 12285 12291 12298 12301 12311 12320 
1702 1713 1723 1726 1728 1732 1734 12182 12220 12269 12284 12294 12303 12322 12325 12328 12334 12337 12341 12350 12356 12359 12364 12369 
1720 1727 1733 1737 1740 1744 1754 1756 12204 12231 12299 12323 12331 12340 12355 12362 12370 12380 12385 12389 12403 12410 12414 12417 12429 12438 12447 
1731 1739 1747 1755 1770 1774 1777 12314 12335 12345 12371 12381 12391 12409 12415 12434 12452 12459 12476 12483 12492 12494 
1736 1760 1772 1776 1781 1787 12357 12386 12424 12456 12478 12493 12500 12514 12518 12522 12527 12537 12543 12546 12551 12559 12572 
1742 1782 1790 1793 1800 12490 12501 12515 12525 12540 12549 12560 12573 12577 12580 
1792 1803 1807 1815 1817 1820 1822 12532 12574 12582 12587 12594 12598 12604 12606 12614 12628 12636 12645 12649 
1797 1813 1818 1824 1828 1833 1835 1837 12585 12595 12605 12618 12634 12653 12656 12664 12668 12671 
1804 1821 1831 1836 1845 12589 12637 12655 12667 12676 12687 12694 12702 12706 12711 12715 
1834 1846 1848 1853 1858 1864 1866 1872 12601 12657 12670 12692 12703 12714 12717 12731 12745 
1840 1847 1865 1875 1879 1884 1886 12699 12716 12748 12750 12760 12764 12770 12775 12783 12791 12794 12796 12803 
1852 1869 1876 1880 1885 12718 12753 12769 12782 12792 12797 12805 12815 12817 12821 12826 12835 12845 
1888 1892 1894 1899 1901 1903 1906 12763 12784 12811 12818 12823 12840 12853 12865 12871 12873 12875 12879 12899 
1900 1907 1910 1912 1916 1922 1929 12795 12816 12828 12866 12874 12903 12910 12917 
1908 1913 1917 1931 12909 12923 12928 12931 12933 12943 12951 12961 12968 
1911 1928 1932 1936 1938 1940 1943 1949 12912 12927 12932 12947 12965 12985 12988 12991 13000 13007 13012 13014 
1937 1942 1952 1957 1966 1971 12934 12972 13003 13008 13019 13021 13025 
1939 1955 1967 1974 1977 13013 13024 13033 13042 13049 13051 13057 13067 13069 13075 
1945 1973 1979 1981 1988 1990 1996 2002 13063 13072 13090 13099 13107 13115 13122 13139 13148 13155 13168 13171 
1975 1987 1995 2005 
1980 1997 2008 2010 2013 2016 2030 2032 
1989 2009 2015 2031 2035 2046 2050 2057 
2012 2034 2048 2061 2064 2068 2070 2077 2081 
2019 2037 2066 2072 2083 2089 
2051 2079 2090 2094 
2085 2096 2099 2104 2108 2111 2118 
2091 2097 2106 2112 2121 2126 
2102 2123 2129 2132 2135 2137 
2127 2133 2138 2140 2142 2145 2150 
2130 2139 2144 2152 2154 2158 
2136 2146 2160 2162 2173 2180 2184 2186 
2141 2161 2175 2185 2190 
2164 2193 2203 2206 2209 13030 13043 13050 13068 13092 13098 13109 13112 
2183 2201 2208 2212 2214 2220 2225 2235 13036 13077 
2210 2219 2226 2238 2244 2248 2250 13096 13111 13123 13138 13145 13165 
2213 2237 2245 2251 2253 2255 2267 2271 13131 13152 
2221 2254 2273 2275 2282 2294 13170 13176 13180 13186 13195 13202 
2242 2258 2274 2287 2295 2297 2304 13172 13184 13196 13208 13212 13217 13229 13237 13251 13262 13266 
2276 2300 2307 2312 2315 2320 2322 2331 13179 13207 13214 13231 13258 13263 13270 13273 
2306 2314 2321 2332 2335 2340 2343 2348 13189 13211 13272 13278 13285 13292 13299 13306 13310 
2308 2334 2345 2353 2359 2363 2369 13226 13276 13308 13319 13324 13329 13336 13343 13346 13354 
2317 2336 2351 2368 2379 13311 13320 13328 13340 13350 13358 13363 13374 13378 13385 
2354 2380 2384 2387 2389 2395 13332 13360 13380 13394 13401 13406 13410 13414 13423 13434 13443 13446 13448 13453 13463 
2381 2388 2398 2402 2405 2409 13393 13402 13411 13424 13435 13447 13455 13464 
2386 2399 2406 2418 2421 2425 2431 13409 13449 13468 13478 13488 13509 13511 13515 13520 13525 13529 13533 13540 13545 13550 13555 13559 13562 
2393 2410 2420 2429 2439 2448 2457 13422 13472 13481 13501 13514 13523 13531 13542 13549 
2403 2435 2450 2458 2463 13510 13536 13552 13560 13567 13572 13579 13588 13596 13602 13616 13623 13631 13638 13644 13652 13654 
2443 2465 2469 2472 2485 2490 2492 2494 13519 13556 13564 13575 13590 13619 13632 13647 13657 13661 13667 13675 13683 13688 
2466 2474 2486 2493 2502 2504 2507 13568 13600 13639 13664 13677 13685 13689 13695 13708 13710 13717 13721 13727 13732 13740 13742 13747 
2471 2491 2503 2509 2514 2520 2523 2526 13653 13670 13693 13709 13722 13730 13734 13751 13753 13760 13766 13773 13785 13788 
2495 2505 2519 2524 2528 13741 13752 13761 13776 13789 13794 13800 13809 13814 13820 13826 13830 13837 13845 13848 13851 
2521 2530 2532 2537 2540 2544 2552 2564 2567 13754 13795 13801 13813 13834 13862 13867 13876 13884 13889 13891 13893 13896 13906 13912 
2527 2534 2539 2546 2566 13770 13816 13844 13865 13878 13886 13890 13901 13908 13916 13922 13924 13930 13932 13936 13939 13946 13949 13953 13964 13967 13972 
2541 2570 2572 2576 2579 2583 2586 2589 2592 13873 13892 13927 13931 13938 13947 13965 13976 13983 13993 13996 
2571 2578 2587 2590 2594 2598 13934 13970 13978 13995 14000 14004 14013 14018 14023 14027 14033 14035 14039 14046 14051 14062 14080 14090 14116 
2581 2593 2603 2609 2615 2622 2628 2634 13942 14003 14016 14025 14029 14037 14047 14064 14083 14094 14121 14128 14130 14135 14138 14142 14152 
2597 2614 2624 2632 2640 14007 14043 14126 14143 14156 14162 14170 14172 14178 14183 14189 14192 14195 14203 14206 14212 14216 14225 14229 
2617 2636 2649 2651 2653 2656 2660 2665 14053 14129 14161 14171 14184 14196 14208 14221 14228 14234 14236 14241 14247 14251 
2645 2655 2662 14165 14173 14190 14214 14231 14235 14245 14252 14257 14259 14263 14265 14269 14277 14283 14287 14291 14311 14325 14332 14338 
2658 2667 2670 2683 2688 2695 2699 2705 2707 14239 14256 14262 14266 14274 14286 14295 14335 14344 14348 14354 14357 14364 14369 14376 14380 14385 14393 14408 
2666 2673 2700 2706 2715 2720 14250 14280 14342 14356 14366 14370 14379 14391 14409 14412 14424 14429 14436 14441 14446 14448 14452 
2668 2708 2723 2726 2731 2733 2738 14258 14289 14347 14361 14382 14410 14425 14437 14442 14447 14454 14456 14461 14466 14470 14477 14484 14489 14494 14501 
2687 2717 2724 2730 2737 2741 14459 14467 14483 14492 14506 14512 14527 14534 14545 14552 14559 14565 14567 14582 14586 14594 
2740 2748 2753 2755 2758 2771 2779 14472 14498 14515 14529 14537 14548 14554 14566 14583 14595 14599 14607 14610 14613 14621 14623 14631 14648 14657 14675 14680 14695 14700 14709 
2742 2754 2764 2773 2780 2784 2786 2794 14508 14576 14588 14600 14608 14615 14622 14632 14655 14679 14696 14708 14711 14716 14724 
2756 2783 2788 2795 2800 14598 14612 14627 14661 14715 14731 14734 14741 14743 14749 14752 14755 14759 14770 14772 14774 14788 14790 14802 14806 
2798 2804 2808 2815 2820 2824 2828 14688 14717 14733 14742 14771 14781 14789 14803 14810 14814 14819 14824 14833 14837 14847 14856 14862 
2805 2811 2829 14738 14773 14791 14820 14844 14873 14877 14892 14900 14906 14910 14912 14915 14922 14938 14942 14946 14948 14953 14960 14962 14971 14991 
2816 2831 2834 2838 2842 2853 2857 2863 2867 14825 14875 14896 14921 14943 14947 14956 14963 14976 14993 15001 15023 15031 15037 
2837 2843 2856 2866 2871 2875 14879 14902 14923 14949 14999 15016 15032 15039 15045 15050 15055 15069 15073 15086 15089 15098 15104 15107 15109 15112 15116 15130 15134 15145 15147 15166 
2841 2858 2872 2877 2881 2883 2885 2892 15025 15043 15047 15061 15072 15087 15092 15102 15108 15113 15135 15157 15174 15179 15183 15187 15191 
2880 2884 2894 2896 2900 2908 2914 15076 15106 15124 15169 15180 15188 15199 15204 15212 15214 15218 15226 15230 15234 15238 15242 15257 15265 15270 15273 15279 
2888 2895 2904 2915 2918 2921 15194 15200 15213 15233 15240 15259 15272 15281 15287 15291 15293 15296 15298 15307 15312 15315 15318 15327 15333 15340 
2899 2922 2929 2935 2940 15215 15237 15290 15294 15305 15313 15330 15342 15363 15375 15384 15387 15393 15403 15407 15413 15419 15425 15433 15440 15444 
2913 2930 2941 2943 2947 2956 2958 15248 15292 15317 15364 15395 15406 15422 15434 15450 15460 15476 15480 15485 15498 15501 15509 15519 15525 15543 15546 15554 15558 15571 
2942 2951 2961 2968 2971 2973 2979 15297 15430 15458 15478 15486 15499 15510 15523 15544 15573 15580 15583 15590 15595 15605 15611 15615 15618 15620 
2964 2974 2982 2986 2992 2995 15463 15579 15591 15610 15616 15619 15624 15628 15636 15643 15651 15662 15670 15674 15678 15684 15689 15691 15699 15703 15716 
2969 2981 2991 2996 3000 3009 3011 15482 15600 15626 15656 15672 15675 15690 15701 15717 15719 15736 15738 15745 15749 15753 15762 15775 15781 15789 
2998 3010 3015 3018 3023 3027 3029 3032 15629 15663 15680 15692 15706 15718 15737 15747 15757 15780 15791 15794 15806 15809 15813 15818 15820 15833 15838 15843 15847 15853 15862 15869 15877 15881 15888 15893 15900 
3004 3017 3025 3034 3039 3043 3048 15727 15743 15752 15792 15807 15815 15834 15851 15865 15878 15890 15903 15915 15923 15925 15945 15956 15965 15970 15975 15986 
3012 3020 3028 3041 3049 3055 3059 3062 15797 15812 15840 15860 15882 15919 15924 15957 15984 15988 15991 16000 16004 16012 16016 16021 16028 16034 16039 16045 16048 16053 16057 16062 16073 16077 16087 
3053 3060 3070 3076 3078 3083 15819 15873 15989 15993 16001 16018 16032 16050 16056 16075 16090 16093 16095 16103 16108 16113 
3056 3077 3084 3092 3095 3100 3104 16010 16027 16059 16079 16092 16102 16114 16120 16123 16131 16134 16146 16152 16160 16162 16164 16166 16170 16172 16178 16181 16184 16189 16191 16193 16199 16201 16209 
3080 3093 3101 3105 3107 16104 16121 16133 16153 16165 16173 16188 16192 16200 16214 16220 16222 16231 16238 16242 16244 16250 16256 16262 16267 16275 16281 
3098 3110 3115 3117 3119 3124 3132 3137 3139 16125 16139 16169 16190 16208 16215 16225 16235 16243 16266 16276 16299 16308 16314 16325 16327 16336 16352 16359 16363 16366 16368 16374 
3118 3135 3138 3152 3156 16195 16221 16240 16268 16283 16300 16309 16318 16341 16355 16360 16383 16393 16397 16403 16407 16409 16413 16417 16424 16430 16432 16438 16445 
3153 3162 3165 3167 3174 3185 3187 16245 16395 16405 16411 16421 16431 16440 16451 16454 16463 16468 16472 16475 16477 16483 16486 16489 16494 16502 16506 16508 16513 16519 16522 16528 
3158 3166 3186 3189 3193 3195 3200 16401 16415 16433 16448 16453 16464 16473 16485 16490 16496 16505 16511 16520 16544 16556 16563 16573 16579 16586 16589 16594 16597 16610 16624 16631 16636 16642 16644 16653 16667 
3190 3194 3201 3207 3209 3211 16457 16469 16476 16487 16507 16565 16575 16595 16628 16637 16643 16656 16669 16675 16684 16688 16694 16698 16701 16706 
3197 3208 3217 3221 3226 3232 3235 3243 16514 16633 16647 16670 16695 16700 16708 16719 16725 16729 16735 16749 16756 16760 16762 16765 16768 16779 16782 16787 16789 16792 16796 16803 16816 
3203 3220 3229 3234 3250 3252 3257 3261 16679 16721 16738 16751 16761 16770 16786 16794 16808 16819 16833 16848 16854 16861 16869 16876 16880 16888 16892 16894 16899 16912 16914 16920 
3236 3251 3260 16780 16788 16835 16858 16871 16878 16893 16927 16934 16941 16944 16952 16954 16961 16964 16974 16978 16986 16995 16999 17006 
3255 3266 3270 3274 3280 3282 3287 3290 16898 16933 16946 16953 16988 17000 17007 17012 17016 17023 17026 17030 17032 17044 17052 17059 17073 17081 17085 17089 17092 17094 17102 17106 
3272 3288 3293 3298 3300 3305 3311 16938 16957 17015 17031 17084 17091 17097 17104 17109 17112 17114 17122 17133 17139 17147 17161 17170 17173 17182 17188 17190 17193 17200 
3277 3294 3309 3314 3316 3318 17017 17033 17087 17111 17116 17127 17136 17142 17150 17166 17171 17185 17199 17205 17207 17213 17220 17222 17226 17235 17244 17248 17259 17262 17275 17277 17281 
3315 3319 3326 3328 3330 3334 17113 17189 17204 17215 17224 17230 17276 17290 17293 17304 17307 17310 17319 17326 17340 17344 17347 17351 17355 17366 17375 17381 17386 17393 17399 17405 17407 17416 17427 
3317 3327 3332 3339 3344 3359 3364 17206 17292 17306 17311 17331 17345 17353 17369 17383 17389 17403 17412 17433 17436 17438 17443 17445 17450 17456 17461 17474 17477 17481 17484 
3321 3329 3342 3346 3366 3369 3372 3375 17309 17342 17358 17406 17435 17440 17449 17471 17485 17491 17504 17509 17512 17516 17526 17530 17537 17542 17546 17548 17550 17554 17569 17574 17579 17583 17586 
3362 3367 3376 3379 3384 3391 3395 3397 17444 17496 17510 17518 17535 17547 17551 17571 17580 17589 17591 17599 17605 17610 17613 17622 17626 17632 17637 17646 17649 17652 
3370 3387 3396 17506 17540 17549 17592 17603 17607 17611 17623 17640 17651 17657 17664 17680 17688 17696 17703 17705 17709 17711 17716 17723 17727 17731 17739 17750 17755 17757 17760 17783 17787 
3394 3415 3425 3428 3431 3434 3438 3444 3448 3453 17653 17659 17667 17681 17704 17710 17718 17730 17758 17785 17802 17812 17825 17828 17830 17836 17842 17851 17855 
3427 3436 3445 3456 3458 3463 3467 17692 17707 17712 17789 17803 17814 17829 17852 17863 17866 17873 17879 17881 17887 17896 17900 17909 17915 17922 17927 17935 17946 17948 17959 17965 
3430 3457 3464 3474 3478 17826 17870 17880 17892 17897 17924 17937 17947 17960 17969 17977 17987 17992 18003 18007 18016 18024 18033 18040 18044 
3459 3476 3480 3482 3486 3492 17835 17877 17901 17929 17951 17966 17978 17991 18004 18017 18036 18048 18059 18066 18073 18076 18084 18092 18097 18103 18108 18114 
3468 3481 3490 3495 3497 3508 17883 18053 18060 18074 18094 18098 18105 18123 18126 18129 18135 18139 18142 18147 18152 18154 18163 18167 18171 18174 18182 18187 
3479 3493 3499 3512 3516 3523 3527 3534 18070 18130 18136 18140 18149 18153 18165 18172 18185 18191 18200 18203 18212 18218 18243 18245 18257 18263 18265 18273 18276 18281 18284 18286 18294 18305 18312 
3483 3515 3528 3537 3540 18155 18169 18195 18204 18244 18260 18264 18282 18298 18313 18316 18321 18326 18332 18335 18339 18342 18351 18361 18370 18374 18379 18387 
3496 3536 3544 3547 3553 3557 3563 18177 18306 18319 18327 18337 18365 18389 18394 18399 18410 18412 18415 18422 18426 18430 18442 18445 18447 18456 18460 18481 18488 18500 18511 18514 
3538 3550 3555 3562 3566 3575 3578 3583 18315 18340 18392 18403 18411 18418 18437 18444 18458 18483 18513 18518 18522 18524 18532 18539 18547 
3564 3588 3590 3593 3595 3597 18322 18423 18446 18461 18495 18520 18538 18550 18557 18559 18561 18563 18570 18574 18577 18583 18593 18601 18614 18622 18624 18632 18642 18665 18676 18679 18688 
3589 3599 3601 3603 3606 3609 18523 18540 18558 18562 18584 18600 18616 18625 18644 18666 18678 18689 18695 18707 18715 18718 18724 18726 18733 18743 18751 18756 18758 18764 
3591 3602 3607 3610 3620 3622 3625 3635 18552 18567 18604 18623 18692 18717 18732 18744 18771 18785 18790 18799 18801 18806 18811 18813 18816 18822 18833 18850 18855 18861 18863 18874 18880 18884 18890 
3611 3621 3630 3636 3639 3645 18703 18720 18736 18792 18800 18809 18815 18823 18836 18851 18862 18889 18893 18900 18902 18905 18907 18911 18922 18928 18935 18939 18945 
3637 3648 3650 3653 3656 3659 3667 3669 3680 18859 18891 18901 18906 18926 18937 18948 18951 18957 18969 18978 18981 18988 18998 19001 19004 19008 19013 19015 19022 19028 19035 19044 19046 
3649 3655 3664 3668 3682 3686 3692 3695 18903 18973 19003 19010 19019 19030 19039 19056 19064 19069 19072 19077 19086 19092 19106 19116 19123 19130 19140 19145 19147 19150 
3652 3683 3698 3704 18909 19007 19023 19067 19073 19080 19113 19129 19149 19157 19162 19174 19180 19183 19195 19202 19210 19212 19218 19225 19235 19237 19244 19252 19260 19264 
3658 3688 3701 3708 3712 3716 3728 3733 3739 19071 19118 19135 19165 19177 19196 19205 19219 19232 19242 19270 19273 19280 19284 19287 19292 19307 19311 19319 19336 19344 19351 19354 19363 19366 
3707 3714 3729 3740 3744 3747 3752 19246 19275 19281 19288 19293 19310 19337 19365 19368 19372 19382 19387 19401 19403 19412 19420 19430 19439 19447 19453 19458 
3711 3734 3741 3750 3756 19285 19314 19367 19377 19388 19417 19456 19461 19472 19479 19485 19491 19493 19498 19511 19516 19522 19524 19527 19532 19537 19540 
3754 3757 3759 3770 3776 3784 3789 3795 19422 19459 19486 19497 19512 19517 19526 19535 19542 19545 19548 19555 19564 19569 19573 19585 19590 19594 19600 19602 19605 19609 19611 19614 19617 19627 19630 
3758 3773 3780 3790 3802 3809 19463 19528 19539 19546 19556 19565 19579 19587 19601 19612 19626 19632 19634 19643 19646 19648 19654 19657 19662 
3760 3786 3804 3813 3822 19572 19603 19629 19641 19656 19670 19673 19676 19682 19686 19689 19692 19694 19698 19708 19712 19715 19720 19742 19746 19749 19757 19764 
3816 3828 3832 3836 3841 3844 19633 19660 19674 19691 19702 19714 19743 19748 19758 19769 19776 19795 19797 19799 19813 19817 19823 19825 19831 
3829 3839 3843 3846 3854 3856 3861 19671 19754 19773 19796 19824 19832 19839 19841 19848 19853 19865 19870 19873 19878 19888 19893 19898 19904 19907 19913 19916 19921 19924 19929 19933 19944 
3847 3860 3863 3867 3871 3877 3882 3884 19798 19829 19846 19869 19887 19895 19911 19926 19931 19961 19971 19976 19980 19985 19988 19991 19994 19997 297 
3862 3868 3878 3883 3887 3889 19851 19889 19899 19915 19962 19972 19983 19989 19996 0 5 9 12 22 30 40 44 
3864 3873 3886 3893 3897 3905 3912 3917 19979 19992 1 8 15 31 42 48 52 55 65 69 76 
3895 3914 3918 3920 3925 19987 24 45 53 73 78 80 84 88 91 96 98 102 
3898 3922 3927 3931 3934 3936 3938 49 56 77 81 89 97 103 108 112 
3926 3933 3937 3948 79 92 101 111 116 120 131 135 367 
3935 3951 3958 3961 3971 3976 3979 3982 113 118 132 136 140 148 155 166 169 182 187 191 
3944 3953 3968 3977 3986 3988 129 137 168 190 196 203 205 212 215 222 521 
3960 4005 4008 4011 145 174 197 206 214 226 228 233 238 249 
3972 4006 4012 4014 4016 4022 4025 4029 204 227 235 251 267 271 275 282 292 294 309 316 527 
4010 4020 4032 4040 4046 4048 4050 257 268 276 290 310 321 323 335 340 344 346 660 
4047 4059 4061 4063 4068 4071 4076 326 348 354 357 359 364 374 379 385 393 694 
4049 4062 4069 4077 4085 353 362 366 375 386 399 415 430 934 
4074 4086 4092 4095 4103 4110 356 380 419 433 435 444 447 451 453 459 463 466 468 980 
4079 4093 4104 4111 4114 4120 4124 4128 434 450 469 474 481 486 490 497 501 
4090 4121 4129 4131 4134 4137 4142 4147 4152 437 452 473 485 492 500 510 517 
4097 4127 4132 4144 4156 4159 478 512 524 530 534 546 551 559 561 572 577 579 
4136 4148 4157 4163 4165 4167 4173 487 526 555 560 1027 
4160 4164 4168 4178 4181 4188 4190 562 576 586 588 591 600 603 615 623 1374 
4166 4196 4200 4203 4208 4213 589 608 627 630 637 641 646 649 655 661 1389 
4199 4204 4217 4219 4224 4227 4231 592 620 628 639 645 657 668 673 1721 
4202 4220 4234 4240 4245 4248 4254 632 663 675 679 681 685 688 1725 
4210 4239 4247 4258 4269 4272 671 678 682 693 700 706 708 711 722 738 1789 
4261 4279 4283 4298 4302 4310 4314 680 710 724 741 748 753 759 
4280 4299 4315 4319 4324 4329 4331 4341 686 758 761 769 783 787 792 802 805 1844 
4288 4316 4326 4330 4348 4351 4356 4361 760 770 789 806 813 815 823 826 
4349 4352 4366 4369 4373 4377 4381 768 809 818 834 837 843 853 878 
4357 4367 4375 4388 4394 4400 835 846 879 886 889 891 894 900 907 
4370 4395 4402 4405 4407 4414 4417 4420 839 856 893 910 918 927 937 942 945 954 
4403 4415 4426 4429 4432 4438 4440 913 2006 
4406 4418 4428 4439 4448 919 943 970 977 979 982 
4443 4452 4454 4462 4468 4471 4477 946 973 978 985 990 994 2069 
4451 4460 4478 4481 4489 4492 981 996 999 1001 1017 2189 
4482 4490 4496 4506 4512 4515 4527 4530 4534 4536 987 1003 1028 1033 1038 1042 
4493 4516 4528 4535 4541 1032 1045 1050 1052 1058 2373 
4531 4542 4547 4551 4558 4561 4566 1034 1047 1053 
4543 4549 4552 4559 1051 1059 1073 1080 2374 
4568 4570 4576 4579 4601 4607 4610 4617 1061 1074 1092 1097 1101 1105 2444 
4569 4578 4611 4621 4628 4630 1095 1107 2445 
4574 4629 4632 4639 4654 4658 4663 4667 1115 1120 1122 1126 1129 2585 
4582 4631 4641 4657 4672 4678 1116 2697 
4633 4662 4674 4683 4685 4690 1121 1138 1147 1151 1157 
4687 4694 4697 4704 4707 4715 4722 4726 1152 1164 1167 1175 
4691 4706 4720 4730 4732 4741 4744 4749 4751 1168 1177 1182 
4710 4724 4731 4750 4753 4762 1206 1233 1244 
4734 4752 4763 4767 4777 4779 4783 4791 
4754 4774 4778 4794 4798 4804 
4800 4809 4817 4825 4827 4830 4842 
4805 4811 4835 4844 4848 4854 4857 4860 
4823 4845 4856 4862 4868 
4849 4858 4867 4871 4881 4884 4888 4891 
4874 4887 4898 4900 4905 4913 4918 1183 1189 1196 
4890 4899 4906 4915 4926 
4920 4932 4939 4949 4953 4956 1201 1236 1246 2702 
4935 4946 4958 4960 4962 4964 4968 4974 4984 
4959 4963 4972 4986 4989 4995 1247 1254 1258 2732 
4961 4975 4987 4998 5001 5009 5012 1250 2768 
5011 5017 5019 5028 5034 5037 5045 1256 1262 1268 
5014 5035 5047 5054 5062 5070 5075 1260 1264 1270 1275 2769 
5018 5059 5077 5080 5086 5100 5103 1280 1287 
5063 5079 5094 5107 5114 5117 5129 5131 1285 1299 1307 1313 1321 1324 2790 
5082 5108 5115 5132 5137 5141 5147 1301 
5119 5142 5157 5163 1318 1323 1329 1332 1335 1341 2793 
5166 5172 5177 5182 5186 5188 5199 1331 1342 
5173 5183 5206 1333 1343 1359 1361 1367 2806 
5211 5215 5224 5230 5233 5238 5246 1345 1372 1379 1397 1402 
5212 5231 5234 5241 5248 5252 5256 5263 5269 1381 1406 1409 1411 1415 1422 
5255 5270 5275 5280 5284 5288 1410 1436 1441 1444 1448 1457 1466 1470 
5257 5271 5286 5289 5292 5300 5308 5315 1412 1460 1486 1492 1496 
5293 5302 5319 5324 5328 1494 1502 1509 1520 1525 1539 1541 1549 1552 
5309 5320 5329 5333 5340 5344 5348 1506 1521 1527 1556 1563 1571 1573 1583 
5326 5334 5343 5354 5356 5358 1564 1572 1584 1590 
5330 5357 5367 5379 5384 5393 1576 1588 1598 1607 1622 1625 1629 1631 
5364 5380 5386 5396 5400 1608 1630 1636 1642 1649 1655 1659 1664 1669 1672 1675 2874 
5368 5402 5410 5413 5428 5433 5438 5443 5446 1657 1660 1673 1677 1688 1691 2919 
5444 5453 5462 5465 1676 1690 1706 1714 1724 1735 1741 1748 1750 1753 1762 2934 
5466 5474 5477 5480 5482 5484 5487 1715 1729 1768 1771 1778 1785 1798 1806 
5476 5483 5499 5507 5512 1769 1779 1809 1811 1823 1829 1832 1841 1843 1851 1863 1868 
5479 5485 5511 5522 5526 5528 1812 1838 1842 1870 1881 1887 1905 1923 
5513 5525 5532 5534 5538 5540 1891 1909 1924 1926 1948 1953 1960 1962 
5527 5533 5539 5542 5546 5553 1925 1950 1961 1969 1972 1982 1984 1993 1999 2001 2004 
5541 5550 5557 5560 5563 5566 5576 5578 1927 1954 1970 1983 2003 2018 2022 2024 2033 2038 
5545 5558 5564 5583 5587 5590 5593 2039 2045 2049 2055 2058 2063 2067 2075 2078 2086 2088 3046 
5588 5599 5603 5609 5614 5617 5622 2040 2047 2056 2065 2082 2087 2093 2100 2110 
5591 5604 5610 5618 5626 5634 2071 2092 2115 2122 2134 2147 2151 2156 2163 2166 3072 
5615 5636 5641 5662 5665 5667 5671 2116 2125 2148 2165 2168 2170 2172 2179 2182 
5625 5639 5663 5668 5674 5676 5681 5694 5697 2169 2181 2191 2198 2202 2207 2228 2230 2233 2239 2256 3192 
5666 5675 5688 5696 5704 5714 5720 2192 2200 2229 2234 2257 2266 2277 2280 2285 2290 2292 2299 2303 
5679 5700 5721 5730 5732 5737 5741 2204 2231 2240 2269 2281 2286 2291 2301 2310 2313 2323 3231 
5722 5735 5743 5753 5758 5761 5769 5772 2293 2316 2325 2328 2344 2355 2357 2364 2367 2372 3241 
5739 5744 5754 5760 5775 5778 2330 2356 2365 2376 2383 2390 2392 2396 2400 2413 3281 
5762 5780 5785 5791 5799 5806 2358 2391 2414 2419 2430 2433 2437 2441 2451 2453 2456 
5783 5790 5810 5819 5826 5828 5837 5839 2423 2432 2438 2442 2452 2460 2468 2477 2480 2482 2487 2489 2499 2501 3343 
5792 5821 5827 5845 5850 5853 5862 2434 2454 2481 2496 2500 2513 2517 2529 2543 3374 
5831 5851 5863 5867 5882 5891 5894 2483 2515 2538 2549 2558 2562 2568 2577 2584 2595 2599 2611 
5858 5869 5885 5896 5906 5913 2565 2580 2591 2612 2619 2631 2642 2648 2664 2672 3443 
5897 5916 5921 5923 5930 5946 5949 5951 5961 2569 2596 2669 2676 2679 2681 2689 2703 2709 
5922 5932 5952 5965 2677 2680 2691 2713 2721 2727 2729 2735 2739 2745 2752 2759 2761 3451 
5927 5969 5971 5981 5983 5988 5990 5993 5995 2682 2714 2744 2757 2763 2775 2781 2789 2792 
5970 5984 5989 5996 6003 6009 6016 2791 2797 2809 2812 2814 2825 2836 2840 2848 2851 3568 
5980 6004 6013 6017 6021 6032 2827 2839 2849 2852 2861 2864 2868 2873 2878 2886 
6022 6035 6040 6043 6052 2854 2862 2869 2879 2890 2897 2901 2903 2906 2909 2911 3594 
6041 6058 6069 6071 6077 6079 6081 6083 2898 2905 2910 2927 2932 2937 2949 2954 3608 
6063 6072 6082 6087 6091 2907 2928 2950 2955 2960 2965 2976 2978 2989 2993 2999 3003 3019 
6092 6095 6099 6103 6113 6121 6126 6139 2959 2966 2997 3005 3022 3026 3033 3050 3054 3058 3066 3069 
6097 6102 6123 6140 6145 6149 2962 3030 3067 3071 3074 3081 3091 3097 3103 3114 3126 3128 3140 3145 3151 
6104 6129 6142 6147 6156 6158 6172 3035 3073 3127 3142 3154 3160 3169 
6150 6178 6181 6186 6190 6192 6201 6209 6217 3129 3155 3161 3170 3175 3183 3198 3202 3205 3213 3218 3222 3227 
6157 6189 6202 3172 3184 3214 3228 3238 3240 3246 3249 3258 3268 3285 3297 
6220 6223 6237 6245 6248 6255 6262 6267 6284 3176 3239 3271 3286 3302 3304 3307 3322 3331 3337 3341 
6221 6247 6259 6285 6291 3242 3303 3338 3348 3350 3352 3355 3358 3361 3373 3381 3386 3398 3401 
6249 6288 6292 6297 6317 6320 6327 6339 3306 3353 3360 3377 3402 3409 3411 3414 3418 3420 3423 3426 
6293 6319 6343 6346 6350 6355 3382 3403 3412 3433 3442 3452 3460 3465 3472 3477 3485 
6321 6344 6357 6361 6368 6376 6386 6390 6398 3416 3466 3489 3494 3500 3504 3506 3510 3514 3518 3532 3541 3543 3551 3559 3561 
6388 6399 6404 6409 6412 6429 3507 3542 3554 3570 3574 3581 3584 3587 3598 3614 3612 
6400 6415 6434 6441 6443 6448 6453 6460 3571 3592 3616 3632 3634 3640 3642 3647 3660 3672 3674 
6449 6470 6475 6478 6484 3633 3641 3661 3675 3687 3690 3700 3706 3710 3721 3723 3727 3732 3677 
6476 6485 6498 6505 6512 6517 6529 3643 3691 3715 3724 3735 3738 3749 3762 3765 3767 
6513 6539 6542 6552 6556 6563 3742 3751 3763 3768 3779 3782 3798 3803 3806 3808 3819 3824 3827 3697 
6558 6566 6569 6573 6579 3771 3781 3801 3834 3838 3857 3881 3894 3901 3906 3910 3745 
6567 6578 6584 6589 6593 6598 6600 3805 3859 3885 3911 3915 3930 3939 3946 3949 3955 3959 3840 
6571 6580 6590 6602 6605 6611 6619 3913 3956 3964 3974 3980 3992 3998 4001 4009 4019 4028 4036 4042 3851 
6607 6612 6621 6623 6625 6633 6639 3921 3975 3984 3995 4017 4030 4038 4052 4067 4082 4087 4091 3908 
6622 6627 6643 6648 6651 6666 4094 4098 4107 4117 4122 4140 4143 4149 4153 4161 4176 4182 4039 
6624 6644 6672 6676 6680 6684 6688 4096 4112 4123 4141 4187 4201 4212 4221 4235 
6649 6675 6690 6692 6699 4205 4242 4252 4256 4262 4265 4268 4273 4277 4282 4285 4287 4293 4295 4300 4306 4180 
6679 6691 6702 6708 6716 6724 6728 6731 4255 4263 4267 4278 4289 4294 4309 4320 4328 4189 
6732 6737 6749 6752 6763 4270 4296 4321 4332 4342 4345 4355 4363 4368 4383 4387 4391 4211 
6739 6750 6766 6778 6784 6795 6802 6811 4333 4344 4360 4364 4397 4399 4422 4425 4431 4214 
6755 6785 6812 6814 4346 4404 4435 4437 4444 4446 4449 4458 4461 4464 4487 
6813 6816 6825 6831 6837 6840 6842 4436 4447 4463 4491 4495 4513 4522 4526 4533 4539 4544 4225 
6815 6839 6846 6865 6868 6873 4497 4518 4529 4540 4555 4560 4564 4577 4587 4589 4592 4594 4596 4250 
6867 6879 6889 6901 6904 6906 6908 4557 4567 4590 4599 4604 4612 4615 4620 4627 4636 4638 4643 4649 4655 4266 
6907 6922 6926 6938 6942 4563 4600 4613 4622 4634 4650 4659 4668 4677 4688 
6909 6944 6946 6954 6957 6971 6977 6981 4692 4702 4708 4712 4714 4717 4721 4733 4738 4740 4756 4764 4769 4772 4789 
6947 6974 6983 6987 4705 4739 4758 4768 4773 4799 4802 4812 4814 4816 4820 
6984 6997 6999 7003 7009 7014 7019 7023 4813 4829 4833 4836 4846 4859 4864 4866 4872 4882 4886 
6998 7005 7020 7034 7037 7041 7047 4834 4869 4894 4902 4910 4916 4929 4934 4941 4943 4955 
7025 7039 7044 7054 4873 4907 4917 4944 4965 4970 4973 4978 4982 4994 5000 
7055 7062 7066 7078 7081 7085 7089 7092 7097 4914 4976 4996 5003 5010 5023 5030 5044 5060 5069 
7063 7079 7090 7100 7103 7107 7109 5004 5024 5032 5061 5074 5083 5091 5095 5099 5104 5112 5148 
7083 7108 7112 7117 7120 7123 7129 5087 5092 5096 5102 5149 5153 5160 5164 5168 5176 5185 
7122 7130 7135 7146 7148 7157 5152 5165 5194 5205 5209 5213 5221 5223 5239 5249 5261 5265 5277 
7147 7160 7167 7182 7185 7187 7189 7193 5154 5207 5251 5266 5279 5285 5295 5301 5304 5307 5313 
7149 7195 7201 7207 7211 7214 7216 5210 5297 5303 5316 5323 5327 5342 5350 5359 5361 5365 5370 5372 5374 5378 
7212 7235 7241 7246 7255 7257 7263 5305 5325 5345 5360 5366 5373 5381 5385 5398 5407 5412 
7237 7258 7275 7284 7290 7295 5388 5414 5419 5424 5431 5434 5450 5455 5463 5472 5478 5508 
7288 7305 7307 7311 7322 7329 7331 5415 5420 5425 5432 5457 5469 5488 5509 5517 5529 
7306 7330 7345 7352 7355 7360 7366 5510 5518 5535 5543 5552 5562 5568 5571 5574 5582 5586 5598 5611 5613 5621 
7356 7372 7376 7382 7385 5537 5554 5572 5623 5627 5630 5642 5644 5648 5652 
7373 7378 7388 7405 7407 7411 5632 5643 5649 5655 5657 5664 5677 5684 5695 5699 
7384 7394 7418 7426 7428 7436 7443 5669 5686 5698 5705 5712 5717 5728 5748 5750 5763 5779 5786 4339 
7437 7447 7452 7456 7468 7471 7479 7487 5701 5716 5764 5788 5794 5797 5815 5825 5835 
7499 7501 7508 7510 5725 5793 5816 5829 5849 5855 5861 5870 5880 5899 4358 
7512 7514 7522 7528 7532 7536 7543 5868 5900 5907 5910 5912 5915 5920 5925 5933 5936 5943 5957 5973 
7513 7525 7534 7545 7550 7552 7571 5871 5909 5935 5975 5978 5985 6002 6008 6011 6015 6024 4379 
7540 7551 7575 7582 7585 7591 7599 6006 6026 6030 6038 6042 6046 6053 6059 6061 6065 6067 6073 
7579 7593 7600 7603 7606 7624 6010 6028 6044 6047 6066 6074 6093 6108 6112 6115 6122 
7601 7632 7638 7651 7654 7659 7671 7673 6114 6128 6133 6137 6141 6151 6155 6160 6162 6166 6169 
7633 7653 7678 7684 7686 7690 7693 7698 7707 6152 6159 6165 6170 6177 6194 6200 6207 6213 6218 6230 
7643 7687 7692 7699 7712 7716 6167 6180 6204 6208 6232 6240 6242 6246 6252 6256 6260 6265 6273 6276 
7718 7720 7729 7740 7750 7753 6241 6251 6268 6281 6287 6295 6304 6313 6318 6331 
7719 7731 7756 7760 7763 7766 7773 6243 6253 6282 6298 6322 6333 6337 6341 6345 6352 
7722 7767 7778 7786 7802 7805 7821 6338 6354 6364 6380 6385 6391 6393 
7779 7804 7824 7832 7837 7846 6367 6381 6387 6394 6401 6403 6411 6417 6420 6422 6427 
7856 7866 7871 7874 7877 7885 7890 7897 6413 6419 6428 6439 6444 6451 6455 6457 
7858 7878 7904 7907 7909 7912 7923 6421 6456 6465 6479 6482 6486 6493 6500 6515 6525 
7905 7925 7929 7933 7936 7944 7957 6481 6501 6516 6526 6531 6538 6544 6546 6553 6561 
7928 7935 7953 7959 7961 6528 6532 6548 6562 6570 6575 6585 6588 6596 
7960 7968 7982 7989 8004 8006 8010 8018 8023 6574 6586 6606 6620 6628 6632 4389 
7974 7983 8005 8011 8025 8032 8040 6613 6640 6645 6647 6653 6657 6659 6662 6670 6674 
8039 8044 8051 8056 8058 6641 6652 6658 6663 6671 6677 4488 
8054 8060 8076 8078 8084 8088 8095 8097 6646 6678 6689 6703 6705 6715 6720 6723 6730 6736 4500 
8061 8077 8089 8096 8101 8104 8114 8124 6654 6681 6704 6741 6745 6747 6751 6758 6760 6764 6769 
8110 8115 8125 8139 8152 6742 6759 6771 6774 6786 6789 6796 4550 
8154 8161 8169 8172 8175 8189 8195 6773 6804 6808 6826 6832 6844 
8156 8170 8173 8196 8209 8217 8221 6806 6834 6845 6851 
8213 8222 8230 8240 6809 6856 6874 6885 6902 6916 6923 
8238 8248 8258 8262 8267 8281 8293 6876 6929 6940 6943 6953 6965 
8244 8265 8302 8306 8308 8311 8316 6966 6976 6989 6993 6996 
8315 8337 8346 8353 8361 8379 6968 6990 7000 7004 7016 7021 
8317 8338 8356 8389 8397 7007 7026 
8398 8404 8408 8423 8434 8440 8447 8452 8457 8459 7028 7031 7042 
8402 8417 8449 8458 8463 7032 7056 7061 7069 
8462 8471 8480 8490 8499 8504 8511 8518 7073 7080 7086 7096 
8505 8520 8527 8529 8535 8537 8557 7074 
8521 8539 8569 8582 8585 7099 7105 7115 7134 7139 
8589 8594 8623 8627 8636 8641 8643 7118 
8590 8649 8655 8661 8671 8679 8684 8698 7150 7154 7165 7173 7206 
8672 8681 8687 8701 8711 
8722 8730 8735 8738 8741 8750 8758 8767 
8732 8739 8751 8768 8773 8777 8782 
8787 8793 8797 8801 8822 8829 8852 8856 
8823 8830 8858 8860 8863 
8866 8869 8877 8883 8886 8890 8896 
8867 8884 8903 8906 8919 8933 
8908 8934 8940 8946 8960 8974 
8947 8975 8982 8994 8999 9004 9022 9026 9035 9039 
8976 8983 8996 9005 
9000 9024 9036 9047 9053 9057 9061 9063 
9027 9054 9058 9066 9071 9078 
9070 9080 9088 9097 9100 9111 
9081 9113 9122 9126 9137 9141 9156 7141 7143 7156 7163 7197 7209 7213 7223 7226 4614 
9114 9160 9162 9165 9178 9180 7142 7171 4626 
9161 9191 9195 9198 9207 7210 7230 7236 7240 7250 7262 7271 7283 4642 
9163 9208 9217 9225 9235 9245 7231 7252 7267 7276 7296 7299 7301 
9238 9247 9250 9257 9265 9267 7310 7314 7319 7326 7333 7337 7350 4666 
9253 9271 9276 9288 9301 9303 9305 9338 7312 7338 7351 7361 4679 
9278 9290 9302 9345 9354 9370 9378 7315 7362 7391 7399 7414 7422 
9304 9355 9372 9387 9392 9397 9403 7364 7392 7400 7423 7432 7434 7440 7458 4700 
9394 9400 9413 9415 9417 9421 9431 7433 7441 7463 7466 7473 7483 7489 7504 7507 7519 4729 
9435 9439 9441 9443 9452 7464 7505 7511 7523 7527 7537 7542 4761 
9436 9442 9462 9466 9470 9477 9485 7531 7553 7555 7576 7578 7586 7589 4839 
9440 9471 9489 9501 9512 9518 9524 9528 9530 7577 7592 7598 7607 7610 7623 7631 
9444 9525 9531 7602 7636 7647 7669 7676 7696 7700 7714 7733 7741 4879 
9535 9542 9545 9552 9559 9565 9575 9584 7675 7734 7743 7746 7757 7761 7768 
9578 9585 9595 9601 9608 9625 9635 9650 9663 7744 7772 7781 7797 7803 7810 7816 7823 7834 7836 7843 4883 
9603 9610 9626 9666 9670 9672 7774 7806 7811 7817 7825 7835 7845 7849 7860 4909 
9673 9681 9688 9700 9705 9712 7847 7865 7872 7889 7898 7906 7916 7921 4931 
9684 9711 9731 9745 9749 9756 9762 9773 9785 7875 7891 7926 7931 7941 7949 7955 7964 7970 7979 
9736 9759 9780 9789 9793 9799 9812 7927 7943 7958 7985 7995 7999 8014 8036 8046 
9790 9818 9827 9833 9836 8016 8037 8049 8067 8069 8081 8086 8098 8105 8116 8128 8132 
9820 9831 9837 9845 9849 9862 9867 8082 8135 8141 8144 8149 8153 8158 8164 8166 8181 
9838 9875 9878 9886 9889 9900 9908 8136 8145 8150 8186 8194 8201 8214 8220 8231 8234 8236 
9876 9892 9910 9915 9919 8157 8188 8203 8237 8242 8249 8260 8263 
9931 9935 9946 9960 9968 9979 9984 8264 8275 8285 8292 8301 8314 8339 8349 8357 8360 8367 8371 
9969 9986 9988 9992 9999 10003 10008 10011 8278 8343 8378 8382 8390 8393 8396 8401 8405 
10009 10016 10020 10023 10028 10034 10044 8394 8409 8411 8418 8422 8432 8436 8446 8455 8464 8468 
10022 10035 10045 10057 10064 8412 8433 8448 8470 8475 8479 8483 8491 8497 8506 
10076 10089 10093 10100 10104 10109 10118 8476 8481 8498 8508 8524 8526 8538 8550 8558 5025 
10092 10123 10125 10130 10134 8510 8551 8563 8570 8575 8580 8603 8631 8639 8645 8647 8652 
10124 10131 10138 10149 10167 10176 10178 10203 8576 8658 8665 8677 8680 8686 8699 8702 8707 8714 5109 
10140 10150 10179 10207 8659 8685 8708 8725 8729 8740 8754 8759 8779 8783 8796 
10216 10227 10239 10247 10251 10260 10277 10281 8727 8742 8761 8812 8815 8840 8847 8850 8855 8861 
10225 10248 10278 10283 10290 10297 10301 10308 8813 8849 8857 8868 8891 8899 8901 8907 8915 8918 8927 
10285 10312 10321 10332 10342 10347 8872 8911 8924 8929 8935 8943 8956 8965 8971 
10313 10325 10346 10350 10357 10369 10374 8988 8991 8997 9014 9023 9028 9041 9046 9052 9059 
10381 10386 10394 10401 10410 10418 8990 9016 9064 9068 9079 9086 9092 9096 9108 9120 9138 9142 
10382 10402 10421 10424 10434 9082 9110 9145 9149 9153 9159 9169 9174 9186 9202 9209 9214 5155 
10389 10423 10438 10443 10449 10453 10455 10461 10479 9155 9170 9175 9188 9203 9215 9222 9229 9234 9241 5187 
10439 10498 10504 10507 10518 9246 9252 9255 9269 9273 9277 9281 9292 9300 9312 9320 9324 5191 
10533 10536 10538 10552 10557 10562 10569 9248 9279 9295 9306 9313 9348 9362 9364 9374 9386 
10534 10553 10561 10575 10582 10605 10613 10619 10625 9363 9399 9410 9428 9438 9448 9451 9476 9480 9487 9493 9498 9507 5196 
10537 10564 10576 10608 9404 9445 9454 9495 9508 9513 9522 9536 9539 9557 9562 5216 
10626 10631 10639 10642 10651 10665 10669 10674 10680 9515 9538 9558 9566 9569 9576 9580 9586 9597 9604 5220 
10633 10652 10667 10685 9568 9587 9609 9616 9631 9638 9647 9655 9675 9680 9685 9691 9696 
10670 10689 10693 10705 10707 10711 10717 10725 10729 10753 9570 9619 9656 9695 9699 9706 9720 9723 9732 9735 9782 5247 
10712 10755 10757 10773 9733 9739 9784 9788 9798 9805 9807 9835 9843 9859 9865 5276 
10795 10799 10813 10821 10827 10835 10849 9787 9800 9809 9840 9850 9880 9885 9891 9898 
10798 10837 10851 10863 10867 10876 10881 10902 9893 9902 9922 9928 9941 9956 9961 9964 9972 9975 9985 9994 10010 
10864 10923 10932 9901 9957 9970 9995 10013 10019 10038 10041 10047 10061 10073 10075 10078 
10925 10934 10945 10953 10957 10973 10976 10986 11010 11020 10021 10039 10046 10062 10084 10086 10090 10105 10111 10115 
10955 10958 10974 10989 11022 11040 10106 10141 10147 10163 10166 10170 10180 10196 10204 10209 10215 10221 10224 
11045 11054 11058 11066 11070 11074 11077 11081 11093 10144 10169 10185 10198 10238 10265 10268 10271 10275 10289 10294 10296 10314 
11047 11056 11067 11075 11086 11099 11105 10172 10273 10318 10328 10330 10339 
11108 11113 11121 11128 10331 10345 10353 10368 10373 10383 10385 10392 10396 10413 10422 10427 10433 10448 10452 
11138 11141 11146 11157 11162 11170 11172 11179 11192 10372 10387 10429 10450 10464 10468 10486 10496 10512 10519 10527 10535 
11174 11199 11201 11206 11215 10465 10471 10488 10522 10545 10549 10558 10563 10566 10587 10595 10600 
11202 11220 11231 11233 11235 11240 11244 10559 10601 10607 10612 10621 10630 10640 10646 10662 10668 10677 10679 10700 5291 
11232 11258 11263 11273 11277 10615 10632 10653 10701 10728 10736 10763 10767 10774 
11264 11275 11288 11302 11311 11316 11319 10783 10786 10788 10796 10804 10812 10824 10836 10846 10853 10858 10860 10866 10884 5310 
11303 11312 11320 11330 11338 11342 11346 10790 10807 10814 10886 10891 10904 10912 10922 10927 10941 5392 
11321 11347 11351 11356 11383 11386 11394 11399 10949 10954 10963 10970 10987 10990 10993 11002 11005 11018 11029 11034 11050 11060 11063 
11384 11396 11400 11410 11415 11421 11427 10959 10991 11036 11062 11065 11073 11078 5481 
11411 11443 11458 11463 11484 11494 11510 11068 11076 11085 11094 11103 11107 11111 11124 11151 11163 11173 11183 11185 11188 11204 5556 
11487 11513 11519 11522 11534 11539 11548 11564 11112 11184 11209 11218 11221 11237 11242 11246 11252 11256 11267 11280 11290 
11496 11552 11569 11578 11581 11585 11587 11219 11255 11272 11313 11328 11334 11336 11341 11355 11362 11372 11392 11398 
11586 11616 11636 11645 11654 11666 11257 11340 11407 11418 11423 11426 11435 11440 11459 
11641 11655 11669 11681 11690 11717 11720 11727 11738 11408 11441 11466 11475 11489 11491 11493 11499 11509 11518 11527 
11729 11745 11750 11756 11774 11787 11799 11802 11476 11492 11511 11532 11536 11545 11547 11559 11570 11573 11576 11597 11608 11623 
11800 11803 11810 11538 11549 11574 11633 11642 11647 11651 11657 11664 11677 11685 11695 11715 11731 
11813 11824 11829 11843 11849 11861 11864 11866 11644 11652 11660 11667 11735 11741 11743 11767 11771 11798 11808 11814 
11826 11845 11868 11878 11895 11901 11770 11823 11827 11835 11858 11871 11877 11883 11885 11896 11906 11909 
11919 11926 11930 11934 11830 11837 11880 11911 11923 11936 11939 11945 11948 11962 11965 5570 
11920 11938 11944 11956 11964 11974 11991 11913 11949 11968 11971 11976 11978 11983 11987 11993 12001 12015 
11967 12002 12008 12014 12021 12024 11989 12023 12055 12096 12099 12112 12118 12127 12141 5584 
12011 12040 12042 12046 12051 11996 12025 12113 12147 12150 12155 12165 12188 12194 12200 12218 12226 
12047 12059 12061 12063 12068 12084 12094 12148 12195 12230 12233 12236 12238 12243 12251 5718 
12062 12090 12095 12102 12110 12117 12263 12272 12276 12281 12288 12295 12308 12316 12319 12333 12339 5751 
12138 12142 12153 12157 12162 12171 12271 12277 12317 12346 12351 12382 12384 12396 12420 12425 12430 12439 
12156 12177 12187 12191 12196 12199 12206 12228 12246 12383 12443 12451 12463 12482 12489 12499 12504 12506 12529 12542 
12208 12250 12262 12265 12268 12387 12453 12466 12484 12507 12544 12550 12554 12558 12569 12592 
12273 12293 12305 12312 12318 12321 12342 12349 12354 12556 12615 12641 12652 12662 12669 12678 12681 12689 12700 12719 12721 12737 
12343 12360 12375 12400 12642 12672 12690 12701 12744 12752 12756 12766 12793 
12361 12402 12407 12418 12423 12431 12442 12446 12804 12827 12831 12843 12847 12854 12863 12880 12885 12889 12904 12907 12911 12937 12948 
12422 12444 12454 12458 12460 12465 12807 12830 12856 12950 12957 12960 12969 12971 
12464 12474 12479 12485 12509 12511 12535 12962 12996 13009 13028 13039 13044 13059 13065 13076 13080 13085 13121 13130 
12488 12510 12541 12552 13015 13029 13087 13150 13154 13160 13164 13175 13198 13218 13232 
12512 12557 12563 12570 12581 12596 12612 12617 12620 13235 13247 13257 13264 13294 13301 13303 13309 13322 13330 13341 13359 13373 13386 
12571 12631 12640 13296 13304 13347 13388 13395 13416 13418 13429 13437 5757 
12633 12651 12663 12674 12677 12693 12698 12722 12725 13389 13396 13441 13451 13456 13459 13474 13479 13482 13486 13491 13499 13505 5804 
12675 12729 12732 12735 12757 12761 13489 13493 13512 13516 13518 13527 13534 13554 13565 5817 
12730 12733 12771 12776 12785 12798 13517 13530 13573 13578 13581 13587 13597 13601 13613 13621 13624 13636 13641 13651 5823 
12787 12800 12806 12822 12829 12834 12836 12841 12848 13582 13598 13625 13668 13676 13697 13714 13725 13735 5865 
12801 12809 12833 12850 12855 13738 13746 13750 13757 13762 13767 13772 13781 13799 13807 13812 13822 5877 
12867 12876 12881 12892 12901 12913 12916 12924 12941 13763 13768 13824 13853 13870 13887 13900 13913 13917 13945 13950 
12888 12894 12945 12955 12964 13915 13954 13958 13981 13988 14001 14010 14014 14021 14049 14058 14063 5903 
12946 12959 12973 12976 12978 12992 12994 13918 13956 13991 14002 14066 14074 14103 14106 14109 14120 14124 14149 14155 
12974 12984 12995 13001 13010 13017 13031 14104 14125 14150 14157 14179 14188 14201 14209 14227 5992 
12977 12997 13011 13038 13061 13064 14181 14237 14253 14255 14275 14279 14292 14298 14301 14308 14317 14320 14331 6029 
13066 13074 13114 13125 13140 13144 14276 14321 14378 14383 14401 14414 6089 
13129 13146 13151 13162 13167 13178 13187 13190 13201 14381 14423 14431 14458 14476 14481 14485 14493 14528 14531 14539 14544 6098 
13204 13215 13222 13228 13230 14384 14432 14486 14495 14530 14546 14555 14557 14569 
13236 13243 13246 13250 13256 13267 13277 13287 13298 14532 14572 14579 14590 14592 14605 14624 14630 14635 14640 6226 
13245 13268 13288 13312 13316 14584 14606 14636 14644 14650 14669 14683 14697 6263 
13323 13327 13333 13342 13348 13357 13370 13381 14651 14699 14702 14707 14730 14736 14739 14753 14768 
13349 13371 13382 13384 13387 13397 14701 14756 14795 14798 14809 14815 14826 14839 14842 14848 6266 
13383 13400 13415 13431 13465 13473 14704 14817 14827 14861 14871 14884 14887 14903 14918 6309 
13475 13492 13504 13524 13526 14888 14929 14935 14958 14973 14975 14980 14997 15007 15014 15017 
13508 13539 13553 13563 13566 14936 14998 15018 15029 15035 15041 15046 15059 15066 6397 
13571 13574 13604 13609 13634 13642 13655 13671 15036 15062 15075 15083 15100 15105 15114 15123 15127 15140 6406 
13608 13643 13678 13680 13694 13701 15084 15110 15125 15158 15162 15202 15205 
13723 13744 13775 13777 13790 13796 13823 13835 13841 15227 15254 15260 15269 15282 15299 15302 6431 
13745 13780 13849 13854 15255 15261 15309 15320 15338 15344 15348 15355 15358 15380 6450 
13860 13875 13879 13883 13885 13897 13909 13925 13933 15310 15350 15382 15405 15418 15427 15432 15437 6503 
13861 13959 13985 13994 14009 14030 15421 15448 15461 15464 15467 15470 15472 15484 15506 6537 
13987 14032 14036 14048 14057 14065 15520 15529 15542 15569 15575 15587 15606 15631 
14050 14061 14075 14081 14108 14123 14131 14134 15634 15640 15648 15654 15664 15671 
14112 14137 14160 15650 15677 15708 15714 15728 15733 15740 15751 15756 15783 
14168 14176 14185 14197 14204 14207 14210 14222 14233 15720 15739 15804 15825 15830 15836 15845 15849 
14223 14278 14294 14300 14307 14314 14333 15741 15831 15871 15883 15896 15899 
14315 14334 14337 14340 14351 15884 15907 15941 15966 15968 15983 15995 
14355 14362 14371 14386 14392 14394 14398 15910 15998 16007 16023 16038 16054 
14400 14407 14417 14428 14450 14468 14471 14490 16008 16040 16066 16084 16100 
14491 14510 14517 14549 14558 14585 14596 14601 16129 16154 16158 16177 16187 16202 16207 16241 
14597 14604 14625 14642 16167 16194 16264 16288 16307 
14666 14672 14676 14685 14692 14703 14719 14727 16289 16315 16319 16323 16334 
14670 14687 14721 14735 14765 16337 16351 16361 16420 16425 16441 16443 16474 
14674 14775 14783 14794 14808 14813 14843 14846 
14780 14800 14854 14858 14880 14882 14909 14927 
14933 14954 14959 14978 14990 
14955 14992 14994 15009 15020 15024 15040 15049 
15010 15053 15060 15067 15074 15078 
15054 15096 15115 15117 15139 
15144 15149 15167 15171 15177 15182 15186 15208 15225 
15209 15229 15231 15241 15243 
15232 15246 15263 15271 15277 15289 15316 15319 
15325 15328 15337 15353 15367 
15339 15359 15370 15383 15385 15392 15414 
15420 15429 15446 15455 15466 15477 15487 15495 
15449 15500 15512 15518 16340 16348 16406 16426 
15514 15528 15535 15541 15548 15552 15555 
15530 15553 15576 15593 15597 15603 16434 16450 16480 16492 
15577 15608 15613 15632 15638 15642 15645 
15609 15649 15667 15683 15698 15704 15710 15715 15723 16517 16523 16534 16554 
15668 15732 15735 15742 15754 15760 15763 16593 16602 16613 
15769 15776 15782 15786 16614 16617 16620 
15798 15816 15852 15858 15861 15885 15895 15908 15937 16635 16658 16661 16668 16682 16699 16704 6543 
15948 15950 15971 15981 15992 16005 16022 16662 16717 16733 16745 
15949 16009 16031 16033 16049 16747 16754 16777 16785 16797 6599 
15952 16060 16063 16089 16098 16107 16110 16115 16132 16778 16805 16807 16818 16831 16834 6617 
16116 16136 16138 16156 16183 16237 16252 16820 16836 
16137 16255 16265 16270 16273 16837 16850 16862 16889 16897 16901 16910 6682 
16271 16279 16287 16294 16304 16312 16331 16370 16900 16925 16928 16955 16958 16968 
16333 16372 16381 16386 16390 16396 16402 16416 16972 16993 17008 17019 17034 17049 17066 
16462 16503 16516 16532 16547 17020 17074 17078 17103 17123 17134 17172 
16504 16535 16552 16558 16574 16576 16611 16626 17079 17108 17180 17211 17233 17238 
16553 16646 16672 16712 16720 16722 16771 16799 17246 17253 17284 17289 17314 17330 17349 17352 17370 17376 
16839 16849 16860 16864 16877 16879 16895 17256 17401 17409 17414 17429 6696 
16918 16931 16981 16989 17009 17014 17022 17441 17453 17462 17465 17475 17487 17490 17507 17514 17522 17539 6697 
17035 17039 17042 17053 17071 17080 17095 17100 17140 17149 17446 17478 17508 17545 17555 17557 17564 
17037 17054 17157 17165 17174 17183 17194 17558 17566 17596 17621 17634 17639 17660 17662 17672 6698 
17040 17184 17201 17212 17214 17282 17294 17597 17675 17685 17717 17746 17780 17784 17791 
17297 17308 17321 17329 17332 17365 17796 17810 17839 17846 17856 17890 17894 17907 17917 
17373 17377 17380 17394 17411 17417 17442 17448 17858 17891 17926 17983 17985 18000 18002 18008 
17378 17463 17497 17502 17511 17513 18001 18018 18031 18081 18089 18107 18160 18207 18215 18228 18232 
17498 17517 17521 17531 17575 17601 18082 18239 18266 18275 18289 18317 18348 18358 18368 18395 18404 
17534 17630 17638 17671 17682 17702 18241 18414 18428 18432 18435 18455 
17687 17725 17728 17743 17762 17768 17772 18459 18478 18493 18512 18526 18533 18537 18554 18587 18610 18612 18615 18662 
17781 17792 17798 17804 17811 17817 18497 18673 18681 18684 18686 18697 
17795 17805 17823 17848 17885 17893 17898 17902 18699 18722 18752 18765 18768 18794 18802 18820 18831 18839 18857 18904 
17824 17903 17928 17939 18769 18835 18917 18923 18942 18956 18971 18989 19002 19009 
17944 17953 18010 18023 18045 18052 18055 18062 19017 19025 19074 19093 19117 19131 19138 19175 19188 19199 
18068 18116 18133 18145 19078 19206 19226 19229 19248 19250 19262 19265 19289 19308 19324 
18120 18148 18188 18225 18233 18240 18253 18279 18300 18310 19294 19329 19331 19334 19346 19357 19359 19376 19379 19408 
18231 18304 18314 18328 19380 19418 19421 19424 19434 19437 19462 19467 19507 
18338 18344 18352 18356 18384 18421 18434 18448 18452 19419 19438 19534 19558 19583 19597 19604 19619 19665 19667 19683 
18457 18476 18482 18494 18501 18505 18528 19538 19697 19707 19736 19761 19772 19784 19801 19822 19837 19856 19909 19917 
18504 18536 18544 18551 18596 18602 19774 19842 19934 19936 19945 19951 19957 19963 19974 19990 
18546 18635 18651 18657 18660 18667 18674 19975 6700 6719 6734 6830 6872 6877 6882 6886 6918 6956 7071 7137 7199 7217 7234 7278 7313 7323 7409 7427 
18652 18677 18693 18696 18716 6713 6829 6875 6883 6925 7113 7204 7266 7318 7417 7502 7566 7620 7663 7685 7709 7739 7826 7861 7868 7887 7908 
18719 18730 18746 18766 18776 18779 18819 18834 18852 6726 6881 7013 7227 7371 7529 7661 7701 7796 7863 7893 7988 8062 8103 8163 8200 8225 8252 8280 8303 8332 8345 8454 8495 8599 8612 
18747 18896 18918 18925 6841 7196 7467 7666 7848 7930 8094 8199 8228 8290 8340 8478 8611 8670 8693 8715 8749 8800 8921 8955 9033 9055 9197 
18938 18940 18970 18983 18995 19011 19060 19065 19070 6912 7590 7880 8137 8272 8444 8634 8704 8762 8925 9037 9216 9263 9287 9314 9357 9385 9411 9414 9425 9434 9486 
18986 19076 19097 19103 7298 8050 8331 8683 8888 9118 9280 9340 9402 9416 9483 9499 9550 9554 9598 9618 9648 9664 9693 9726 9738 9768 9811 9866 9877 
19104 19110 19121 19125 19136 19155 19191 19203 7711 8562 8984 9293 9412 9494 9551 9600 9652 9704 9767 9844 9888 9926 9939 9993 10052 10097 10127 10152 10154 10214 
19112 19217 19230 19234 19304 19309 8219 9261 9427 9560 9676 9808 9924 9981 10079 10137 10156 10240 10250 10264 10315 10379 10408 10419 10457 10470 10481 10499 10551 10583 
19326 19335 19373 19435 19468 19476 19489 8717 9543 9737 9934 10101 10233 10253 10362 10415 10460 10494 10573 10597 10664 10684 10692 10730 10734 10751 10777 10810 10874 10888 10894 10900 
19495 19501 19506 19520 19529 19536 9382 9874 10153 10288 10426 10542 10635 10690 10733 10768 10822 10889 10908 10943 11008 11025 11071 11079 11095 11122 11140 
19510 19541 19554 19557 19562 9640 10249 10473 10681 10739 10883 10911 11019 11072 11106 11145 11171 11181 11203 11224 11266 11270 11281 11285 11300 11309 11352 11354 
19576 19598 19622 19658 19687 19721 19728 19752 10007 10589 10809 11001 11080 11148 11195 11225 11271 11289 11331 11368 11424 11430 11450 11457 11469 11506 11582 11598 11604 
19659 19730 19759 19793 10399 10899 11135 11214 11283 11353 11429 11452 11504 11589 11609 11621 11643 11649 11665 11687 11703 11761 11789 11812 11820 11851 11879 11886 11935 
19827 19885 19910 19914 19930 19964 19977 19981 10698 11176 11307 11449 11541 11613 11646 11680 11705 11807 11832 11882 11950 12035 12041 12072 12111 12120 12149 
19978 19982 19995 20 36 11042 11385 11601 11659 11785 11869 12033 12053 12116 12159 12209 12249 12260 12270 12286 12315 12336 12372 12377 12398 12412 12467 12498 12517 12545 12566 
72 119 127 11269 11624 11815 12038 12121 12242 12266 12290 12368 12397 12440 12508 12555 12575 12609 12639 12646 12648 12659 12683 12708 12734 
154 159 188 221 11465 11905 12161 12275 12373 12468 12567 12619 12647 12679 12723 12749 12799 12844 12859 12862 12869 12877 12915 12929 12940 12954 12990 13004 13020 13052 13086 13118 13135 
189 11700 12252 12411 12578 12650 12738 12819 12861 12872 12922 12953 12993 13046 13105 13142 13163 13233 13249 13265 13289 13297 13315 13321 13344 
262 270 285 313 12077 12520 12704 12858 12890 12987 13079 13143 13238 13284 13305 13334 13353 13368 13377 13425 13438 13444 13458 13487 13543 13558 13585 13615 13629 13659 13679 13687 13700 
320 329 338 12326 12772 12938 13120 13260 13318 13361 13399 13440 13477 13544 13610 13630 13681 13705 13711 13719 13731 13787 13798 13806 13827 13829 13850 13857 13880 
448 489 607 665 12643 13016 13295 13372 13445 13577 13674 13706 13726 13791 13825 13847 13858 13894 13903 13914 13923 13951 13960 13974 13980 13989 13992 14008 14026 
669 690 702 12864 13345 13528 13698 13743 13828 13888 13911 13929 13961 13982 13998 14031 14067 14076 14088 14105 14132 14140 14166 
725 737 778 782 13194 13626 13805 13902 13955 13990 14034 14077 14118 14147 14180 14199 14205 14232 14267 14304 14316 14322 14352 14373 14395 14403 14420 14430 
780 799 832 847 13430 13852 13975 14070 14136 14194 14224 14303 14319 14367 14396 14421 14438 14449 14455 14474 14511 14533 14551 14580 
884 916 928 13715 14020 14177 14264 14326 14418 14443 14462 14521 14564 14603 14617 14637 14639 14690 14710 14725 14745 14751 14758 14763 14801 14811 14829 14832 14849 
1009 1013 1015 13921 14200 14375 14453 14541 14616 14638 14698 14728 14754 14785 14818 14836 14852 14863 14868 14881 14891 14911 14926 14930 14937 14941 
1014 1055 1067 14098 14433 14581 14646 14748 14807 14851 14867 14886 14913 14932 14944 14961 14977 14982 14989 15026 15028 15033 15044 15063 
1079 1154 1163 1178 14313 14620 14761 14857 14908 14940 14964 14988 15027 15038 15068 15081 15088 15111 15132 15176 15185 15206 15216 15228 15266 15285 15311 15334 15351 
1191 1220 1224 14488 14830 14928 14981 15030 15080 15094 15146 15195 15221 15274 15326 15362 15371 15377 15390 15399 15401 15412 15417 15441 15503 
1192 1252 1257 1259 14723 14952 15052 15129 15207 15286 15365 15386 15400 15416 15494 15524 15532 15545 15550 15562 15570 15582 15588 15614 15622 15641 15669 
1279 1282 14870 15085 15249 15376 15402 15511 15539 15557 15581 15589 15623 15673 15688 15694 15713 15734 15767 15774 15787 15800 15828 15846 15876 15898 15909 
1317 1336 1353 15000 15349 15435 15547 15585 15644 15693 15731 15768 15799 15832 15894 15922 15936 15943 15959 15963 15974 15990 15999 16037 16046 16051 16067 16085 
1365 1439 1472 1482 15184 15531 15617 15695 15784 15874 15926 15955 15969 15996 16044 16052 16094 16109 16117 16144 16155 16161 16171 16180 16210 16228 16258 16274 16292 16311 16335 
1511 1537 1567 1597 1612 15398 15681 15801 15942 15987 16047 16106 16126 16159 16179 16211 16259 16301 16345 16356 16362 16365 16371 16384 16388 16408 
1619 1647 1701 1745 15566 15902 16014 16111 16163 16253 16326 16357 16367 16387 16422 16437 16460 16478 16493 16524 16548 16557 16562 16570 16588 16600 16604 16612 16634 16648 
1759 1786 1801 1805 15744 16072 16182 16349 16382 16428 16470 16500 16549 16566 16591 16609 16639 16651 16657 16665 16686 16696 16703 16710 16714 16726 16731 16741 
1826 1854 15962 16291 16391 16479 16559 16603 16650 16660 16692 16707 16724 16739 16743 16748 16758 16767 16791 16800 16823 16830 16842 16844 
1895 1918 1920 16148 16449 16580 16652 16697 16727 16746 16763 16798 16827 16843 16866 16886 16903 16906 16908 16915 16942 16962 16966 16971 16977 16990 16996 17001 17010 
1947 1951 1964 1978 1994 16364 16619 16711 16752 16813 16851 16890 16907 16921 16963 16976 16994 17005 17018 17028 17055 17064 17069 17076 17093 17105 17118 17120 
2011 2028 2053 16546 16742 16838 16905 16951 16980 17011 17046 17067 17088 17107 17129 17138 17144 17158 17169 17191 17221 17234 17239 17249 17254 17260 17266 17271 17274 17283 17287 17312 17320 17362 17384 
2029 2080 2101 16681 16874 16970 17025 17075 17119 17143 17160 17209 17237 17251 17264 17273 17286 17315 17379 17391 17395 17418 17422 17437 17460 
2124 2128 2195 2199 2216 16781 16998 17098 17155 17225 17255 17278 17348 17392 17419 17455 17476 17483 17488 17523 17527 17544 17572 17581 17585 17590 17598 17609 17615 17618 
2217 2222 16913 17130 17247 17301 17413 17472 17486 17525 17559 17584 17593 17612 17628 17645 17648 17663 17670 17693 17700 17714 
2224 2236 2264 17060 17267 17431 17515 17576 17604 17633 17654 17678 17708 17722 17726 17742 17752 17764 17771 17779 17799 17807 17841 17854 17859 17865 17911 17916 17920 17930 17941 
2272 2278 2318 2326 2329 17177 17479 17588 17647 17697 17724 17749 17766 17790 17809 17857 17895 17919 17938 17952 17970 17976 17980 17997 17999 18011 18032 
2427 2446 2525 17385 17617 17720 17756 17800 17862 17921 17955 17979 17998 18015 18042 18056 18075 18083 18096 18110 18121 18127 18137 18150 18186 18197 18201 18208 
2428 2533 2542 2559 17528 17732 17847 17943 17982 18038 18072 18087 18115 18131 18161 18198 18209 18216 18221 18236 18246 18261 18270 18280 18292 18334 
2535 2620 2633 17669 17912 18006 18080 18125 18190 18213 18224 18248 18274 18324 18350 18355 18376 18378 18397 18405 18413 18427 18441 18451 18462 18471 18479 
2643 2657 2716 17774 18043 18144 18217 18269 18343 18373 18385 18408 18440 18453 18474 18499 18516 18527 18571 18580 18585 18588 18605 18629 18637 18641 18650 18658 
2743 2746 2767 17972 18202 18285 18377 18424 18467 18507 18560 18581 18592 18631 18645 18664 18682 18710 18725 18738 18757 18773 18778 18787 
2772 2782 2830 18102 18353 18449 18525 18586 18638 18670 18714 18755 18774 18796 18810 18817 18830 18841 18849 18868 18876 18882 18912 18915 18930 18941 18955 18963 18974 
2859 2889 2946 18238 18496 18606 18708 18763 18804 18826 18843 18870 18895 18916 18949 18966 18982 18994 19000 19024 19040 19045 19050 19057 19075 19084 19089 
2975 3047 3065 3111 3131 18398 18655 18786 18832 18877 18932 18979 18999 19033 19049 19061 19087 19099 19119 19144 19151 19170 19178 19182 19190 19194 19200 19216 19224 
3149 18576 18812 18913 18993 19041 19083 19102 19146 19172 19189 19198 19220 19236 19261 19271 19290 19297 19303 19316 
3230 3265 3276 3291 18737 18960 19054 19122 19179 19211 19255 19279 19301 19321 19328 19341 19347 19349 19360 19384 19399 19409 19411 19431 19444 
3278 3320 3368 18860 19090 19193 19268 19315 19333 19348 19370 19402 19426 19448 19465 19469 19473 19492 19515 19523 19544 19549 19560 
3407 3446 3503 19014 19233 19323 19352 19410 19450 19470 19503 19530 19559 19593 19606 19616 19647 19678 19688 19696 19709 19716 19723 19726 19737 19745 19763 
3549 3618 3651 19159 19342 19440 19484 19547 19596 19644 19684 19706 19719 19735 19755 19785 19800 19803 19812 19815 19835 19840 
3685 3713 3753 3793 3800 19291 19466 19581 19649 19711 19739 19790 19807 19818 19861 19864 19877 19902 19920 19928 19959 19993 3 25 32 
3815 19394 19610 19725 19802 19838 19871 19906 19943 19999 28 38 57 64 85 95 
3858 3869 3954 4064 4088 19521 19777 19862 19922 11 51 68 105 134 151 153 157 165 180 184 
4108 4191 4197 4233 19693 19891 33 86 147 156 179 194 210 219 231 244 
4249 4504 4521 19814 63 152 181 217 243 247 260 272 277 279 306 311 317 
4572 4584 4618 4671 4718 19965 158 223 259 273 293 314 322 331 337 345 
4723 4757 4765 4790 4824 115 246 278 318 336 358 368 409 411 440 
4831 195 308 341 394 420 445 462 467 496 515 522 533 
4853 4889 4912 5029 5105 269 363 443 465 502 531 548 563 
5159 5197 5274 5363 330 458 519 557 567 578 585 601 635 647 674 
5391 5544 410 538 569 587 640 697 701 707 717 
5395 5685 5687 5756 495 583 652 704 718 735 739 745 777 786 798 803 
5766 564 698 733 740 785 800 
5789 5886 6005 6116 6135 626 736 797 825 829 858 863 870 876 880 883 
6136 6144 6195 714 814 842 866 877 885 890 905 
6199 6229 6270 750 861 881 896 921 931 939 950 958 974 
6310 6326 6436 828 888 925 949 969 995 1000 1007 1016 
6502 6527 874 936 992 1004 1020 1039 1057 1072 1081 
6603 7076 7104 7153 7170 915 998 1023 1065 1083 1100 1112 1123 1128 1136 1146 
7332 7343 955 1041 1091 1117 1135 1149 1158 
7396 7421 7430 7480 7535 1011 1104 1144 1159 1169 1180 1187 1197 1214 
7567 7573 1078 1156 1172 1190 1215 1219 1222 1232 1238 
7644 7807 7813 7945 7996 1125 1185 1216 1228 
1165 1221 1240 1253 1265 1273 1290 1308 1320 1334 
8155 8223 8420 8438 8441 1210 1243 1266 1292 1327 
8559 8881 1234 1288 1337 1351 1358 1363 1366 1373 1384 
8909 8998 9109 9147 1261 1348 1360 1368 1386 1395 1400 
9318 9331 9390 1309 1364 1391 1401 1404 1414 1426 
9458 9520 1354 1396 1407 1427 1433 
9534 9544 9567 9690 1383 1419 1435 1440 1443 1449 1468 1474 
9917 9959 10157 1403 1437 1445 1473 1476 
10184 10304 10469 1429 1451 1483 1490 1495 1499 1512 
11304 11701 11766 12401 
12999 13089 13364 
13452 13470 13557 
13605 13821 14693 
14816 15095 15323 15475 
16140 16313 17986 
19880 1442 1487 1497 
1475 1500 1524 1533 1542 
1491 
