3806 3696 3778 1316 








1835 1212 2423 832 390 3343 15 699 685 2847 2594 654 2110 719 
3001 









3701 3927 578 3682 2788 1348 


9 



2532 55 1612 



378 
3809 

2900 


3247 









2008 







1887 
855 
1539 

1372 

















941 2276 463 








107 









814 



1727 


91 


963 
2474 2652 





















611 
2707 75 





402 

471 












1176 1595 1558 




2152 



2460 






3475 



3845 














3818 
















1426 
























3194 
















3327 












1621 3410 2945 2561 
1845 




































1671 1981 



3023 












2428 



1622 














































436 








3533 










3985 353 
1211 
1613 















2184 
3536 
























2257 


