336 480 1448 1795 2429 3082 3252 3553 3872 4056 




5283 12932 15599 8468 4478 15516 16433 7712 9314 13835 15303 3127 8019 4142 11410 16943 19425 2361 
13953 






3429 18954 4339 11849 16634 18564 1242 3400 8808 10276 12470 






5294 14798 15790 17086 3076 
3846 

11166 

19687 7215 


372 



11145 11871 16185 

12692 
11196 17187 4567 


16930 





1265 

2456 3884 6438 

8975 

347 14930 


3393 



19070 


12138 

985 
5786 

13645 3835 

1590 

12626 
19114 
6330 

15647 

16971 


8906 


1734 
4932 




11975 



1647 

5185 6147 
14769 

4832 




5284 
6465 9064 10755 12318 14172 15736 16242 16667 17217 
1224 


6685 


18420 

3509 
15329 








15708 
14267 



8674 

10461 



2972 


18215 



8548 11942 14548 16285 17620 19143 19982 989 








10491 9896 14604 16633 12236 








1633 





17855 7256 11478 14021 17309 18524 2076 5098 10898 16692 12451 16419 4212 13763 






16727 





17219 








1024 















10383 





































1169 



18986 









7255 







2169 





9255 16079 

10519 



609 



14730 


13034 17804 69 1947 3261 4839 



11230 







9250 4604 19488 








3604 7624 12707 1977 17253 17840 



1093 






2927 4825 



11850 


2309 










13729 15441 















3236 



16650 



































9355 



19777 
5504 


16873 






19119 





17088 










16755 

17000 1614 4346 5922 
2492 
19727 4863 6917 8076 















15307 5301 2578 13841 











15812 17413 4279 4876 6819 9745 



14721 







603 




3554 















3443 


2717 









































7561 


























5831 






2454 7088 
6308 9794 10906 12792 

3122 















11221 13281 





15830 5566 13334 








14985 2607 3648 



15048 







4769 











5795 8050 














































11987 
5765 

5579 















13165 

































3475 

3275 




3445 19076 227 









10164 11087 16498 855 







996 2185 



1238 








6659 



3726 












153 











































516 15188 











6259 















3938 




















4780 









5404 16907 1887 3649 4073 





9253 13808 













1413 12276 














18088 




















































3838 









5348 




































557 4332 










6803 18260 149 4465 



14735 








16664 







12966 








18770 















1879 









































18732 




4091 


7646 













9205 11551 























3788 9409 








13517 19433 1942 








7473 7948 






9424 












9711 












18858 








































3719 



19547 
19015 




















11137 

4231 10698 16033 18545 




15937 18719 1678 2849 3321 3515 4301 5148 5491 



16682 2023 3467 4340 5812 


13558 









8692 






7058 18316 616 








746 4386 










12991 443 



4555 








12639 





































19584 

11380 



























4614 

5151 



















596 3536 






5249 






1253 











16757 9975 12056 13139 




14535 








14674 







2360 

























3260 
































16471 

























6531 



2986 6732 7112 8376 

18087 









5273 



5349 







17282 2307 





5676 






7132 3717 









6111 






10363 



















6599 










19376 






















5418 








5796 






12102 
7188 






















5383 7434 





















18549 9288 13427 




18365 






1165 



1179 

















19065 












































1176 




























16766 











2420 





19404 















5072 11554 






17479 6361 




5928 






7720 8170 














12524 
































6187 










































































8256 






13484 4402 







11354 


12862 










13878 












6190 











2689 














6262 






7042 


























6898 

16637 
6779 9359 














8742 10350 12760 








17796 

10274 12896 13769 14057 15069 15808 











14517 









10586 15983 5142 







14184 













16834 











7435 











2498 






7548 




7524 







16046 







19532 










































11613 13978 15564 













8111 

6025 








17173 18747 






8387 




5384 18878 









18039 

































2475 

























8700 





























15282 



13609 16243 




















821 



2935 










18259 19893 





1884 

















4448 

































































6144 


14773 



































8715 




16857 2677 13463 






15589 













529 





















9589 





3149 













5840 

6491 






















6490 
























14412 17016 17747 18064 19167 19214 19469 476 2409 2754 4042 


























14962 



19307 









6547 10436 








11845 





























17109 





































1592 














16276 17893 19206 





9683 













10588 

















6193 





10767 

5219 9655 

11560 







12515 















7880 











































11731 
































8330 

11896 








4394 






17438 19391 1674 











11953 



16255 



15673 

12113 





5514 
12280 








775 













7641 





















14505 
























2994 


















18555 2746 4052 4170 4464 


























19875 


















18006 15315 1295 









4992 
















4104 





















10663 



























































13913 








3191 4311 


12308 4100 






















7216 14159 



14882 










1056 






12356 





9136 





















































12484 













19199 


12450 

























5559 6399 7615 8211 






12456 








19590 8334 








11431 




18582 














12788 








10396 
































11765 



13327 










































6016 7953 8718 
























15711 



19698 













5140 












8827 




















10754 




18123 





4446 






14708 















14716 




18637 




















3051 














3712 






15073 








9239 



19857 






461 










11466 
















11102 



















16180 
































9694 









7078 9300 9977 




16217 






8241 10143 
















9530 









16409 


18625 




5139 










6470 






12355 

























12756 































10709 




16509 



















10637 11958 


16875 











10849 12536 13355 























13255 





15266 









2690 







7899 





























































11207 

















7536 


























12133 










10401 





10702 












19618 








1895 

































7091 











14361 




















17670 

11794 
18027 16676 
















18894 




11316 



13106 14749 16284 16599 16951 








14676 16424 17404 18286 18520 19692 




19349 








16917 






1575 










3230 











5400 




















19905 





















19996 














































18826 























14487 







8227 





14453 












14543 























































13407 












12090 7001 





15644 17557 18643 80 









160 










16605 19880 154 






194 










15158 








1305 









2111 












5028 



































5947 













1375 









295 













9524 


















15168 



















6334 







10903 




5498 



















2383 





































4126 



























157 






















15614 
18376 591 691 871 2470 2940 3753 4770 4979 5112 6063 























14245 10300 

















4298 













8275 





























13121 
548 





































11052 












5288 








4945 


















10731 




9178 












10761 












486 












2473 
























4162 














664 




8735 

























































12347 14196 
















977 

















8877 





















1585 









































109 869 

17932 






































18011 










18204 












16635 
























2591 

























9471 


















5716 







592 2568 4501 5054 6286 












17395 


1677 4806 

























1763 








3360 4893 








6673 



































18366 


















































2976 6312 6523 
































1927 









5652 13535 

















18588 


























19295 





























































































2660 

1065 








2372 











8350 





















































































5842 6649 











766 























5584 











3793 






3060 



3068 4229 








































































3185 


19555 


3257 









6398 7377 7535 








6967 7541 9371 9913 10765 




2002 


7402 9414 12395 12720 13180 14768 14900 15616 



















8033 




16910 











9740 






























































19977 




5195 





















4125 




13825 




























7421 







10950 










10753 




























18607 













667 





















16753 




















4529 



















4157 




















10376 769 













18869 
















































































4159 





7551 12445 
10035 



















13079 14781 15806 16643 17830 18101 18383 19001 19918 397 
















7036 








4854 



















9587 









































































19759 

















17821 
























13497 






19986 

















614 



































11620 












































































1966 












4116 








9668 














17570 

























4824 






















9232 


























824 











4181 13324 16208 17834 18808 





























19346 887 


















6823 






































































14045 

156 

















15383 

15681 
































9753 



10783 

4965 












5198 








11032 









5365 






























































15081 







































18784 





14603 
6568 























4034 









6662 

















4113 














2293 



































8166 









17087 19516 710 























615 







15882 


















7749 





























































18257 














207 1950 2430 2948 4260 





































7242 







17050 


















19231 






















































































1520 











1955 4185 
















18150 













5889 


















18336 











































































2869 5905 







4274 6230 7830 8175 8309 8967 10315 

























18482 










10161 


8243 















11118 



















































































































11195 















11472 



















8137 


























15710 











































6131 8154 



















8573 


















19572 







10086 

















13146 





































9036 


































12640 

















6643 8613 10450 11015 11402 

8185 























16513 








12649 























17246 
































































9122 












































19597 













13171 





















9526 

1844 






















16687 






























9454 11037 





























10498 11706 11834 12044 13194 14146 14437 15679 




























11240 







2590 




















19631 


















































































10060 




























2404 




3273 

























18217 












































































11670 12018 
































5076 








3939 


























10224 3213 












































































6281 




























18906 









6963 
































11662 




















575 























19901 






















11741 13381 





9841 































10238 



10016 2877 







































911 









































12571 











12674 15020 15957 16301 16526 18415 19030 19258 

































10936 







4787 









9315 































18095 



















11229 

















19955 

















2564 





















14356 16092 16763 19120 





























5473 




17872 


























































11861 












































































13352 




4164 






























8312 
































































15896 18946 195 534 1800 
16389 






































19863 















1365 





































19122 





















2705 




















18117 























19999 639 






















6995 












8891 


















































7515 



































































441 2230 2664 3504 4516 4709 5194 



12191 








7604 













15033 











































































6658 




























































18715 




4846 
















































































































2189 3416 4553 











13267 




4837 















5807 






































































4199 
























































8308 
















18825 




































































4122 




13418 

















14405 
















2297 




















8370 











11546 

























































9344 





























4218 5318 5388 5968 6978 7502 8015 
















4985 




15220 




















16251 17094 















17736 









16521 






















































3506 































































1382 











11718 

















































12826 






















16450 













5367 5992 











































19558 












9493 









































































17824 


























5415 







7324 8020 8244 8725 


























19234 













3895 


























































5732 













7810 














16203 









8133 8777 






























19134 








17409 







1700 







































































8886 



















































7447 















8412 























































6597 












































8299 9528 10522 10940 11105 11314 
18613 9106 

























6488 

18758 



























7136 































































10228 














4175 







10525 11172 12446 12658 













18959 
















10685 














12288 















































4880 












19148 760 










19890 
















3616 







11036 12494 13387 





























14387 












3187 







































12220 






















8818 





































12109 13740 13996 






























5074 













4352 



























































348 





508 

2348 























































16078 





















12081 






































634 

















5209 




























13251 



















13770 



















15011 










15746 








































8218 























































12642 










14087 14566 14852 15641 




















14621 





















2834 





































































702 
















14318 15042 16003 16807 16903 






















14593 16737 16970 



















16371 












17059 
































1909 

5774 























































16132 



































18442 











1416 































































15646 





















15868 










51 







16902 17883 

























6562 

















14759 






































1322 
2016 

































17302 18692 



18490 


















19819 
































5567 


















8974 








































16164 


2124 







5328 









2352 





















211 942 









19600 

8225 























6142 




















14968 













































































767 1539 2015 










12049 
19319 






2678 


























1428 

























9179 































































3975 
































1418 2967 3813 6189 6628 
























3002 






















7950 





























































1583 


























3734 6217 7918 





























1309 

































6566 














































2987 





























12259 


































12697 

















11964 




















4360 






















































5622 7961 8143 




















7467 8366 9394 10137 10795 11273 11661 11916 


























19672 







4970 









8071 

































































































































9500 


















16735 















































































5279 









































14094 




























6928 

















































































































13528 



























15822 






























5341 





























8018 9689 11144 11813 























































98 



























14343 


































15083 



































18627 








8497 11346 12031 13114 13510 14244 14496 14550 14955 





































5274 





















12631 






























18687 
310 







































11580 










5492 






10531 13046 


































18529 






























4237 




































































11053 








11939 14040 14511 14983 






























10366 


























4722 























7974 






































































13325 14789 15355 
























3633 



























19605 
























17851 





















































14324 15477 15751 16300 16754 





































17466 































1128 






7035 



















































15935 
7742 









15219 16234 




































5982 









































12548 










































































































7404 




























485 



































15579 16913 















2659 



























16560 






























9462 
















































17168 










17195 
























15820 




















17558 17783 18904 19337 1175 













8691 




10416 




















7026 



































5646 























































19743 










17592 19116 1239 1424 








































1778 
































15754 
































































12323 













































14323 



































3146 






































































18493 1419 



































10186 











































































































1113 1745 2366 3088 3620 


































6095 












































17894 













































11780 

















1505 2805 3904 4271 

































17443 














































































11951 


































2012 




15201 























13784 





























3492 








4040 






















































1451 










4416 4794 6058 7097 8152 8767 9470 10846 








































1845 















15289 















































































10834 




4521 6503 8707 








16261 








































4879 





































































3312 

































4960 







































19924 

















19510 
























































17110 

280 















16381 





7334 10064 11192 13323 14205 15319 








































11886 















































































































































7586 













1067 




































































7248 















9240 11467 15244 
11157 





































2582 




























15277 






















































13328 































































14001 



















































































































15680 16484 16651 18253 18304 18680 19022 19127 
16136 


























2368 















































































































































9699 


























































12953 






































16533 18271 18710 19538 19602 










































9956 























































































































































5338 






























































6716 




























17436 19062 19814 601 1366 2074 2343 
18525 













































5327 
















































































13947 













































2743 
















10794 

















































6199 


















































19571 788 2338 3810 4210 5228 5574 5839 6175 











































822 























































8885 






10329 




















































11691 
























4115 
































































9208 
































81 3124 5019 5762 6252 7357 




















































10055 












































































































































2241 
























































































19853 



















1852 
































3374 










































































































4130 5857 8074 8266 











































5373 










































































15677 

























5379 8226 8652 







































10949 
























































6593 



















17937 





























8347 9478 9902 



































10710 




























12482 
































































15537 










8994 10423 10546 12021 12365 12582 











































14266 


























































































9705 11222 12490 














































12401 






















































































12723 


13265 












10499 12665 13148 














































15933 








































































































































11055 








































































































12095 














































4627 





















13641 






















11840 























































12903 13760 14328 





































8200 


























































8688 


































13749 14456 15213 15874 16491 
















































17728 






























































12289 















































































4342 

















































































9923 
















14279 15694 16723 16789 17043 17544 19162 













































16849 





































































6339 



























14820 16732 







































7362 



















































































































16181 



































18392 


























































14035 



























4076 



17008 19128 19480 58 492 1598 1891 2733 




















































4215 


























































































17513 























































13803 






















































































19198 

14292 




















































19313 







































































































19721 808 








































19276 





























































8087 


















489 2295 3706 4453 5342 7173 






























































8799 











































































12739 





12987 


1849 4450 6713 7911 8686 8970 


























































9287 


























































































3528 






















































16934 









































































4908 8169 9079 9627 10018 

















































15716 
















14402 






































































3658 
7509 9603 10106 















































































14875 





























































12197 
















16673 


























































1075 




















































5246 




































8780 10152 11432 11773 12542 





















































5653 





















































































9696 11448 13141 



10365 
























































9313 













































542 

















































11819 13284 13365 


















































15348 





























































13283 13583 14818 15250 16308 17389 













































































7784 





















































































13290 14902 16403 17754 18180 





























































737 








































17052 

9645 

































































































13636 


































17098 











19990 












19613 




14177 17475 18390 18662 19959 287 




15918 18608 















































































2351 












18048 

























































































































17671 































































































17769 68 675 



















































19807 722 







1472 














































666 1171 2886 3200 3852 



























































































16529 











































































































































11535 


































































































18551 















































728 3062 4241 



11524 




















































1248 4349 4914 5174 6725 7219 































































































12085 


















































3587 5008 6968 
4397 



























































































6054 
















































































































































13962 






























































6400 8874 



















9688 



























































16007 
























































7355 9941 10174 


















































































4590 









































10160 11425 




11574 











































































































12039 
12363 

















12690 







16685 












12817 





































































































13398 







15431 









15458 













15793 




15805 



























































































17262 






17384 








17859 


19458 19947 











781 
5041 











933 




















































526 


































































2601 




















3727 






















































































































4700 





6556 


7133 











9854 














10148 





































































































16339 






739 9032 
12295 













16156 



17308 


15670 



16986 













8345 























































































3781 


13040 











2276 






















7071 












7486 



929 

























5876 








947 








13798 






13245 





89 
