10 10 10 10 10 10 10 10 10 10 10 10 59 59 59 59 65 65 65 65 65 72 72 72 72 72 72 72 80 80 80 80 80 84 84 84 84 84 84 88 88 88 88 89 89 89 90 90 90 90 90 92 92 92 92 92 92 92 92 92 95 95 95 95 95 95 95 95 96 96 96 96 96 96 96 95 95 95 95 95 95 95 95 95 93 93 93 93 93 93 93 93 93 91 91 91 91 91 91 91 88 88 88 88 88 88 86 86 86 86 85 85 85 81 81 81 81 81 81 67 67 67 67 67 67 67 67 67 67 46 46 46 46 46 46 46 46 46 37 37 37 37 10 10 10 10 10 10 10 10 10 37 37 37 37 46 46 46 46 46 56 56 56 56 56 56 67 67 67 67 67 67 67 76 76 76 76 76 76 76 83 83 83 83 83 83 83 83 88 88 88 88 88 90 90 90 90 90 92 92 92 92 92 92 92 92 92 92 92 92 96 96 96 96 96 96 96 98 98 98 98 98 98 98 98 98 97 97 97 97 97 97 97 97 95 95 95 95 95 95 95 95 95 95 91 91 91 91 91 91 91 91 91 91 91 88 88 88 88 88 88 88 83 83 83 83 83 83 83 83 59 59 59 59 59 59 59 59 59 59 59 59 59 10 10 10 10 10 10 10 10 10 10 10 10 10 10 46 46 46 46 46 46 46 46 64 64 64 64 64 64 64 64 64 64 80 80 80 80 80 80 85 85 85 85 85 85 85 85 85 90 90 90 90 90 92 92 92 92 92 92 92 94 94 94 94 94 94 94 94 94 94 96 96 96 96 96 96 96 97 97 96 95 95 95 95 95 95 95 95 95 95 93 93 93 93 93 93 93 93 93 90 90 90 90 90 90 90 89 89 89 89 88 88 88 87 87 87 87 77 77 77 77 77 77 77 77 77 77 59 59 59 59 59 59 59 59 59 59 37 37 37 37 37 37 37 37 10 10 10 10 10 10 10 10 10 23 23 23 23 23 23 23 23 49 49 49 49 49 49 49 49 49 69 69 69 69 69 69 76 76 76 76 76 76 82 82 82 82 82 82 82 87 87 87 87 87 87 90 90 90 90 90 90 90 90 93 93 93 93 93 93 94 94 94 94 94 94 94 95 95 95 95 95 95 96 96 96 96 96 96 95 95 95 95 95 95 95 94 94 94 94 94 94 93 93 93 93 93 92 92 92 92 92 89 89 89 89 89 89 89 88 88 88 83 83 83 83 83 83 83 81 81 81 81 71 71 71 71 71 71 71 71 37 37 37 37 37 37 37 37 37 37 37 37 10 10 10 10 10 10 10 10 37 37 37 37 37 37 52 52 52 52 52 52 64 64 64 64 64 64 64 64 64 64 64 81 81 81 81 83 83 83 83 85 85 85 85 85 85 85 85 85 90 90 90 90 90 90 90 90 90 90 94 94 94 94 94 94 94 94 96 96 96 96 96 96 96 96 96 96 96 96 96 96 96 95 95 95 95 95 94 94 94 94 94 94 90 90 90 90 90 90 90 90 90 90 86 86 86 86 86 86 86 86 81 81 81 81 81 81 81 77 77 77 77 77 73 73 73 73 62 62 62 62 62 62 62 60 60 50 50 50 50 50 10 10 10 10 10 10 10 10 10 10 10 32 32 32 32 32 32 49 49 49 49 56 56 56 56 56 56 56 56 56 56 75 75 75 75 75 80 80 80 80 83 83 83 83 83 83 83 83 83 89 89 89 89 89 89 89 92 92 92 92 92 92 92 94 94 94 94 94 94 95 95 95 95 95 95 95 96 96 96 96 96 96 96 96 96 96 96 96 96 90 90 90 90 90 90 90 90 90 90 90 90 90 90 89 89 89 86 86 86 86 86 86 84 84 84 84 71 71 71 71 71 71 71 71 71 71 64 64 64 64 64 60 60 60 58 58 41 41 41 41 41 41 41 10 10 10 10 10 10 10 10 10 10 10 10 10 37 37 37 43 43 43 43 43 43 57 57 57 57 57 65 65 65 65 65 65 73 73 73 73 73 73 73 81 81 81 81 81 81 81 86 86 86 86 88 88 88 88 88 90 90 90 90 90 90 90 93 93 93 93 93 93 93 93 93 94 94 94 94 94 94 94 97 97 97 96 96 96 96 96 96 96 96 95 95 95 95 95 95 95 95 93 93 93 93 93 93 93 88 88 88 88 88 88 88 88 88 88 88 83 83 83 83 83 83 83 83 76 76 76 76 76 76 76 72 72 72 72 60 60 60 60 60 60 60 50 50 50 50 50 10 10 10
21 43 155
221 18 328
148 74 599
162 88 938
24 35 739
183 40 257
207 3 414
97 4 858
241 89 671
35 2 586
248 38 569
83 32 389
182 90 214
65 14 426
55 75 363
74 28 898
146 21 213
168 43 786
141 17 163
62 94 770
156 79 590
245 75 939
113 33 683
161 2 737
139 68 194
1 41 505
179 47 599
102 97 628
146 97 230
216 82 1001
34 18 841
166 1 690
134 51 154
140 79 274
9 9 31
237 4 333
188 36 598
67 42 342
125 82 749
213 46 997
233 43 613
223 42 508
58 76 121
129 78 334
150 50 417
124 27 559
162 31 236
6 37 133
120 75 536
170 19 447
239 7 734
208 2 620
149 39 653
137 54 272
57 85 770
232 97 654
204 60 660
233 99 241
36 81 504
61 11 319
177 98 344
17 81 580
83 57 947
152 56 931
80 74 510
45 88 336
192 41 911
63 56 977
52 68 512
100 10 504
106 49 215
47 46 253
17 36 485
125 92 160
234 62 983
205 54 385
198 88 575
89 11 911
195 21 851
214 94 771
99 42 473
42 71 564
131 47 682
218 11 827
98 82 320
77 73 477
67 4 545
150 65 478
115 61 452
205 25 406
161 48 882
191 23 944
232 78 672
143 72 880
89 99 472
63 79 909
122 8 648
216 8 767
167 88 216
118 86 311
210 31 233
202 75 734
251 78 381
238 5 947
85 26 444
41 43 398
68 15 715
38 11 243
117 61 408
232 42 410
111 38 335
190 26 893
207 17 267
4 65 885
229 29 468
162 50 319
101 87 117
212 18 936
145 77 966
3 35 528
125 95 438
240 4 661
138 16 431
111 64 436
228 59 975
5 86 220
41 28 116
25 42 975
169 95 208
50 37 220
232 93 263
97 18 406
36 66 898
123 39 193
11 92 380
71 55 442
135 31 721
110 11 315
93 14 907
44 74 197
205 9 946
149 17 835
131 82 988
10 76 198
150 3 642
101 52 538
109 50 578
226 8 854
186 65 641
70 18 812
218 45 870
5 18 345
135 23 488
219 64 726
141 12 670
26 21 108
72 69 112
37 78 610
204 33 410
49 10 228
243 58 770
71 63 429
154 68 499
112 67 154
46 2 844
234 91 950
56 7 707
188 97 831
183 82 385
198 89 605
68 50 689
145 15 937
203 44 928
132 83 200
188 93 988
170 87 520
168 34 186
67 84 361
192 14 1003
251 70 1007
1 37 711
54 29 270
190 99 251
23 86 893
120 55 423
235 25 743
209 48 585
10 11 265
208 38 655
76 72 588
122 63 344
220 68 741
151 65 249
32 8 652
9 67 130
232 81 828
26 88 458
100 38 894
71 7 629
110 74 511
184 50 267
198 31 982
43 81 849
139 99 940
145 95 511
53 5 163
135 28 217
54 79 581
22 86 404
176 25 949
47 40 870
77 18 791
7 29 948
247 79 475
67 85 651
125 12 443
208 70 694
126 58 974
22 7 254
66 11 737
230 97 600
200 40 450
127 35 649
98 35 508
110 36 294
96 73 887
203 43 308
16 61 264
115 9 933
63 83 497
208 90 401
211 90 305
243 17 471
153 21 208
62 17 523
5 26 140
21 99 528
202 85 401
211 89 307
52 72 402
251 92 988
82 2 196
234 50 549
74 92 729
249 47 719
53 20 929
165 78 966
204 10 500
174 53 981
194 17 273
213 67 649
153 14 925
162 10 724
230 19 356
130 57 434
225 55 548
20 30 864
160 12 243
133 95 808
56 44 564
184 32 923
128 10 612
237 73 959
159 43 550
81 94 901
238 81 573
156 10 957
129 11 953
135 17 801
99 22 854
235 68 678
189 90 974
160 47 699
39 72 589
140 97 955
92 37 563
36 97 261
99 47 584
62 72 928
187 81 789
123 39 839
220 53 460
182 2 813
37 77 713
96 11 313
182 93 400
63 67 814
201 58 815
60 6 460
195 64 618
103 91 720
236 3 976
26 92 777
101 1 947
159 5 786
132 40 930
194 8 426
102 64 265
101 18 548
182 3 665
62 98 661
64 71 419
81 35 886
77 47 272
172 51 802
240 5 900
232 80 831
41 94 952
193 2 281
35 51 645
224 25 298
75 58 497
155 76 319
56 90 553
76 61 474
107 43 790
10 43 130
119 77 736
209 89 679
124 19 808
201 25 667
195 43 373
21 18 206
3 13 782
241 31 284
72 92 201
188 12 527
201 80 1001
217 87 317
247 80 973
191 18 475
154 31 844
152 4 634
123 54 947
200 43 335
197 71 868
183 48 268
190 48 396
100 49 700
80 51 728
106 60 443
69 39 996
98 46 555
84 80 663
114 84 686
24 73 577
90 92 979
195 17 565
165 32 363
185 17 812
158 2 622
69 43 389
180 52 424
16 67 434
187 59 627
181 21 210
123 57 143
111 48 274
215 63 852
162 12 502
43 82 60
194 72 814
70 58 916
30 65 613
64 89 376
9 80 69
134 2 805
155 8 359
154 62 548
50 87 579
204 82 240
227 91 707
132 9 242
209 28 715
155 79 324
154 13 792
215 15 948
198 29 393
222 65 425
170 75 689
18 41 100
228 27 481
207 4 744
32 44 112
203 82 979
194 87 551
229 78 470
159 77 246
154 65 241
169 32 771
233 85 325
59 22 989
132 44 230
208 68 406
7 33 833
246 29 399
79 18 428
36 99 344
235 25 693
220 9 332
20 16 850
215 78 649
150 79 330
71 75 856
23 84 985
42 74 323
78 16 616
164 52 829
26 94 594
225 91 691
206 31 555
225 25 335
132 23 389
231 77 650
29 71 285
132 69 844
56 33 480
166 35 712
57 71 363
129 85 795
146 41 873
205 34 904
221 25 988
41 77 329
32 75 636
57 94 637
137 29 702
30 23 494
229 2 944
1 14 619
157 50 688
15 34 778
131 39 772
102 87 532
239 42 526
148 13 837
160 70 901
37 30 189
24 55 288
241 49 1006
161 63 221
61 72 714
64 26 427
159 58 219
221 32 439
180 14 512
103 63 832
136 61 240
162 21 217
238 89 550
166 61 305
76 56 743
93 79 661
123 36 244
248 42 929
249 80 286
244 41 601
71 48 352
15 67 558
123 38 783
207 60 625
121 33 378
27 75 820
59 82 481
52 63 401
16 73 658
188 95 738
24 16 185
213 13 822
57 73 648
96 91 480
2 34 734
153 76 407
214 73 390
4 71 233
45 90 725
246 31 423
245 58 319
107 52 990
8 77 297
17 3 523
154 14 245
40 4 370
91 73 470
124 42 871
224 50 720
200 71 810
198 17 721
212 68 896
89 91 938
21 72 281
186 7 576
241 26 633
158 68 880
177 98 668
60 81 236
24 84 384
23 5 260
119 44 672
241 50 984
42 67 164
197 24 532
195 31 537
185 49 360
86 4 936
26 35 538
237 56 904
62 46 533
53 60 1007
201 59 279
89 73 249
160 56 209
186 95 647
22 94 944
195 82 595
37 3 708
194 95 718
196 18 303
95 43 728
153 54 450
208 38 441
51 41 563
77 14 867
35 75 822
56 79 782
110 17 742
144 73 190
120 86 994
68 10 461
66 37 864
162 75 335
44 79 722
36 40 491
31 23 577
92 74 415
231 97 260
156 38 615
124 23 304
130 51 386
154 3 788
121 19 442
96 31 621
36 37 101
227 4 955
162 54 170
11 5 169
76 18 735
212 75 271
208 56 831
231 79 568
29 10 611
210 99 449
170 27 757
198 89 612
88 39 649
69 16 763
171 43 840
31 64 47
235 62 308
11 18 154
77 38 680
182 60 744
6 78 586
127 45 918
132 65 408
90 41 379
52 31 429
121 56 445
68 16 136
117 99 481
213 9 784
161 18 717
49 73 430
182 7 981
70 71 313
72 81 823
47 6 981
151 51 257
64 97 617
52 65 378
110 7 303
220 83 785
183 63 199
6 6 353
168 3 955
29 80 544
107 25 948
216 26 354
210 76 563
149 7 982
243 43 406
233 30 773
237 9 377
88 84 448
144 32 455
81 81 550
131 63 392
164 22 562
207 95 835
130 68 863
116 25 171
54 11 274
168 93 421
188 81 281
202 92 268
228 6 635
208 92 477
45 59 314
161 34 576
248 63 832
223 96 806
185 91 930
195 55 886
7 81 533
19 97 326
106 76 534
164 55 682
111 43 608
191 94 970
99 84 239
92 54 776
54 45 415
106 58 953
205 46 456
37 80 554
246 33 396
247 64 364
247 5 671
61 75 182
18 19 958
155 26 397
203 63 974
80 94 103
127 56 477
222 70 811
205 35 810
196 38 691
32 8 319
249 20 318
3 18 429
48 87 129
100 21 235
73 91 983
95 87 203
24 33 673
21 98 829
169 15 619
143 43 893
248 35 898
21 16 334
76 7 411
17 64 523
168 52 204
67 62 241
89 75 333
69 60 837
78 29 596
72 59 219
221 54 862
113 93 926
224 39 370
8 71 770
31 22 871
121 46 744
67 67 893
2 43 394
199 46 683
63 87 534
197 99 336
120 30 202
52 56 573
124 90 696
248 37 872
97 59 1005
9 87 343
242 86 408
158 60 522
5 24 133
126 20 601
117 65 353
249 97 604
121 34 178
97 42 614
227 73 901
135 68 151
250 84 631
119 46 149
119 2 809
190 10 449
163 57 480
237 9 838
184 71 505
113 89 582
27 7 831
190 95 889
11 88 323
236 35 267
185 41 646
155 42 537
123 65 1003
186 16 349
93 75 795
70 55 356
202 83 626
218 47 381
104 11 672
94 9 638
191 95 794
46 72 825
9 61 466
67 7 920
244 20 848
30 73 351
153 40 527
75 64 808
106 20 289
73 26 251
250 58 469
34 4 737
220 81 775
31 83 754
236 16 784
180 75 285
99 66 139
94 35 949
222 32 787
104 14 518
120 29 786
19 65 308
179 46 758
63 20 65
6 40 629
23 73 480
153 37 752
61 58 554
128 93 983
26 96 944
90 74 740
225 92 246
120 9 700
31 95 169
246 22 778
42 21 936
120 18 293
124 96 504
93 18 873
214 92 490
131 91 510
154 75 501
225 27 653
235 56 455
40 41 287
203 18 668
122 63 837
113 71 779
53 83 741
146 36 706
138 3 221
32 96 972
246 49 631
165 90 246
227 72 327
230 41 619
48 49 706
113 32 685
12 73 532
131 18 761
25 80 760
182 25 399
71 68 970
175 12 999
105 49 478
116 32 871
22 43 134
100 23 800
125 30 178
100 16 672
133 35 630
227 34 629
171 97 237
57 69 756
239 20 363
45 76 286
29 86 583
195 86 820
134 24 255
94 74 401
212 67 881
207 20 350
214 41 771
95 92 910
158 31 822
97 10 814
167 98 683
191 87 466
221 13 838
82 74 96
126 87 190
79 24 976
81 13 798
36 66 58
206 79 471
72 1 293
64 40 658
191 21 634
119 43 641
55 85 691
116 63 648
131 39 906
149 21 897
86 33 164
218 59 854
203 1 432
121 12 190
188 80 640
18 49 604
62 76 490
203 16 278
221 29 281
62 64 610
48 97 884
189 63 948
147 96 334
183 52 784
221 25 851
54 14 659
55 77 884
140 40 152
59 95 672
204 81 581
115 26 191
7 21 341
84 67 695
204 67 218
217 34 413
182 2 654
174 56 939
24 32 954
224 19 819
182 31 727
224 72 500
2 93 107
104 54 816
235 21 332
76 9 251
190 44 830
187 85 963
213 83 721
130 24 754
172 64 329
77 9 495
32 87 605
221 56 636
95 96 139
73 8 350
94 50 243
27 36 271
204 23 595
152 5 829
99 15 843
22 58 894
122 70 915
220 21 822
157 63 720
137 97 684
35 40 274
195 80 664
236 56 793
58 40 312
12 61 480
103 35 334
133 1 963
54 20 317
164 96 615
110 24 682
16 4 405
123 17 293
235 42 761
144 89 528
118 23 223
4 11 208
198 68 875
140 58 1007
37 14 149
156 63 611
141 37 664
29 17 53
245 61 914
41 62 552
107 52 452
77 92 310
88 87 95
94 99 388
161 91 599
210 90 934
221 75 286
153 16 738
184 64 739
22 30 203
90 54 131
193 98 254
198 36 287
90 74 330
26 42 31
216 48 265
218 23 670
112 35 582
31 56 44
244 10 406
9 35 966
175 39 754
92 84 356
44 73 537
203 15 287
94 88 634
185 16 719
30 81 600
142 11 826
5 60 445
5 82 813
173 13 519
46 32 333
114 52 523
179 10 948
100 65 133
166 52 442
110 17 136
137 1 546
169 2 304
217 2 806
102 94 824
22 11 318
132 78 459
221 47 259
47 76 216
38 90 420
58 67 655
44 85 836
174 15 495
30 55 297
8 25 224
206 98 942
196 85 595
203 45 484
246 60 675
189 22 222
71 2 332
203 47 523
105 50 251
133 53 971
158 89 826
1 17 226
156 3 406
123 63 661
227 15 333
170 60 416
188 68 1005
206 55 401
106 40 651
101 59 516
179 9 811
84 4 919
224 29 387
177 18 244
12 7 250
79 98 794
176 13 847
141 89 451
180 2 416
131 82 934
134 26 439
245 85 289
123 74 951
26 76 654
67 15 186
100 32 997
118 82 812
133 3 286
207 44 722
209 6 506
25 88 658
251 95 271
86 93 258
28 51 648
234 61 767
70 99 784
19 56 856
217 49 659
218 90 773
196 88 913
113 23 449
139 17 703
130 93 593
223 69 370
42 46 285
70 92 1006
228 96 520
95 9 884
29 5 148
1 55 388
128 10 627
227 88 603
185 26 314
172 94 900
159 68 350
21 99 464
114 64 385
230 91 240
47 27 902
237 1 755
46 4 754
9 1 235
167 45 809
100 58 561
250 47 604
209 53 250
38 20 991
147 29 511
247 62 675
113 37 997
251 91 876
82 15 741
163 3 239
140 38 688
106 67 929
205 49 933
55 71 956
19 70 329
238 64 886
103 33 687
180 54 617
123 42 506
100 56 468
25 93 227
47 10 480
130 31 812
124 96 129
102 78 858
168 20 566
174 74 653
10 41 494
10 93 314
192 86 528
153 29 599
29 37 329
4 96 340
168 73 444
16 94 55
84 7 403
249 7 261
21 60 704
122 16 359
26 64 779
19 77 747
185 97 292
129 64 548
39 16 427
19 56 213
77 25 367
99 58 452
44 47 447
57 6 245
201 70 223
6 11 102
205 49 700
42 79 564
195 52 226
12 41 961
88 66 727
128 31 174
103 83 245
91 16 499
86 80 207
134 46 606
23 25 884
22 3 875
32 37 928
206 16 261
182 53 526
214 26 326
239 70 951
246 57 566
159 45 444
98 48 761
135 69 235
106 78 579
87 70 646
19 71 573
107 33 975
29 9 536
86 35 128
227 5 371
59 53 529
178 49 638
213 33 509
230 7 334
135 97 881
233 72 872
46 16 324
61 10 535
251 69 300
63 64 485
52 98 791
214 40 431
59 50 736
75 88 447
103 62 995
110 39 709
163 36 641
155 33 531
99 86 749
230 63 435
3 81 982
109 38 989
121 37 393
36 95 287
189 57 821
248 7 331
223 95 895
22 90 256
235 66 803
136 43 644
107 99 455
66 2 79
62 94 260
219 3 581
215 71 957
211 12 660
224 83 727
232 76 835
86 6 452
4 74 91
196 72 467
64 85 697
136 13 788
31 51 219
91 64 328
211 58 225
9 74 146
26 42 332
137 38 694
101 26 233
169 31 193
150 77 619
43 78 824
20 24 768
158 5 421
161 81 900
239 71 776
151 81 498
1 75 981
103 87 271
145 40 899
13 20 846
37 52 39
244 50 493
56 5 95
70 83 672
73 36 492
31 68 791
104 13 748
121 23 149
85 6 654
201 39 244
161 18 563
155 58 316
144 90 524
21 41 935
77 2 316
137 89 232
103 73 476
101 74 541
244 76 642
206 24 767
149 5 532
73 90 636
85 43 444
52 28 65
247 1 709
9 35 667
56 62 904
13 33 209
9 10 196
91 96 792
51 69 860
135 57 589
27 87 911
97 79 819
215 64 723
207 82 531
214 41 676
228 71 945
115 8 651
115 49 351
238 89 985
158 20 853
99 91 442
120 84 308
197 94 894
246 10 332