10 10 10 10 10 10 10 10 10 286 286 286 286 286 286 286 286 286 286 286 492 492 492 492 492 492 492 554 554 561 561 567 567 567 567 567 567 600 600 605 605 605 605 605 605 605 605 638 638 638 638 638 638 638 638 638 638 665 665 665 665 665 665 665 675 675 675 675 675 680 680 680 680 681 681 681 681 681 673 673 673 673 673 673 673 655 655 655 655 655 655 655 655 655 644 644 644 644 644 620 620 620 620 620 620 620 612 612 612 583 583 583 583 583 583 468 468 468 468 468 468 468 468 468 468 468 443 443 443 430 430 251 251 251 251 251 251 251 251 251 10 10 10 10 10 10 10 10 10 10 10 217 217 217 217 217 313 313 313 313 371 371 371 371 371 371 371 469 469 469 469 503 503 503 503 503 503 552 552 559 559 559 559 559 559 559 601 601 601 601 601 620 620 620 620 632 632 632 632 632 632 632 632 655 655 655 655 655 664 664 664 664 664 664 673 673 673 686 686 686 678 678 678 678 678 678 678 678 678 677 677 662 662 662 662 662 662 662 662 662 650 650 650 650 650 650 629 629 629 629 629 629 629 592 592 592 592 592 592 592 592 534 534 534 534 534 534 534 534 286 286 286 286 286 286 286 286 286 286 286 286 286 10 10 10 10 10 10 10 10 10 10 10 10 10 10 251 251 251 251 318 318 318 356 356 356 356 356 356 356 356 356 356 510 510 510 510 538 538 538 538 538 538 538 586 586 586 586 586 586 586 620 620 620 620 620 620 620 644 644 644 644 644 644 644 660 660 660 664 664 664 664 664 664 664 664 664 678 678 678 678 682 682 682 682 682 678 678 678 678 678 676 676 676 640 640 640 640 640 640 640 640 640 640 640 640 640 592 592 592 592 592 592 592 592 592 592 580 580 580 551 551 551 551 551 472 472 472 472 472 472 472 472 396 396 396 396 396 396 363 363 363 182 182 182 182 182 182 182 182 10 10
190 588 395
42 342 326
510 159 854
741 46 825
1428 218 2211
418 495 764
1060 477 1473
173 72 385
736 197 900
97 5 340
886 109 1372
712 23 898
421 64 1244
900 363 1000
488 150 838
49 25 164
473 58 1105
713 367 1024
357 121 539
1298 55 1559
1229 288 1328
754 211 1384
932 57 1877
1246 606 2470
276 81 640
907 205 1301
1309 623 2021
721 676 1715
250 400 1017
1377 328 1619
1158 500 1505
1213 677 1732
1134 137 1837
908 344 1551
1221 26 1516
1062 566 1879
397 434 590
1261 600 1454
957 86 1427
625 368 1374
1048 130 1935
1076 314 1694
238 568 325
758 102 1173
858 525 1733
933 54 934
452 362 1023
1024 670 1622
1112 288 1371
289 314 1034
1427 570 1791
465 593 542
790 392 910
461 553 1130
152 84 1440
7 50 80
556 529 761
769 212 869
1253 116 1327
513 198 1096
48 600 294
938 671 1538
163 78 204
189 406 741
790 472 1169
597 122 993
257 698 1304
1109 104 1146
568 438 1308
583 551 1546
460 158 1640
758 39 1248
1103 198 1551
205 416 446
351 477 1365
298 30 408
1072 287 1901
288 203 298
32 453 140
463 584 729
425 183 1149
274 103 392
86 482 119
1437 599 1471
1433 233 1716
1005 89 1301
1227 668 2049
638 604 888
1195 698 2194
627 25 933
241 185 327
3 122 377
817 366 1026
406 395 431
220 100 327
826 427 1151
351 480 370
617 41 1402
705 567 747
994 634 1052
334 311 928
1014 631 1288
948 594 1404
976 374 1379
532 147 613
695 581 787
239 276 299
10 72 338
1231 334 1319
332 288 965
79 472 90
41 287 320
1338 544 2209
406 312 829
726 241 743
1352 227 1631
1148 213 1532
190 112 1159
1098 104 1431
1035 696 1672
949 333 1184
1396 679 2234
628 51 865
110 463 245
153 293 313
422 158 1046
405 570 1655
258 514 373
1162 269 1569
37 356 217
379 153 766
1184 158 1822
1266 376 2215
65 466 619
1286 439 1727
562 402 922
1407 197 1537
1328 65 1960
1050 263 1199
188 360 292
919 694 1109
1415 57 2551
276 202 1150
1144 647 1151
799 378 1583
595 302 1110
581 339 1643
263 456 310
235 57 1001
1344 55 1422
790 262 1839
312 629 333
24 392 348
95 429 153
400 255 1141
693 546 1754
537 34 822
1325 545 2405
800 601 1286
1268 26 1901
895 623 1430
991 686 1040
480 667 523
1342 81 1626
107 380 144
1315 609 1450
659 449 1359
572 488 1212
1413 583 1454
37 373 239
1260 86 2147
1003 446 2368
1144 341 1311
970 697 1589
214 334 423
1066 615 2135
1298 438 1744
1100 265 2316
95 312 364
957 144 1058
1328 204 1921
1342 597 1660
418 278 1744
1340 542 1911
497 309 1705
653 485 840
363 514 395
919 30 1563
1044 102 1066
1247 613 1551
1208 369 2085
984 430 1440
1342 181 2597
188 683 1412
631 399 772
221 378 626
692 233 1575
1089 347 2157
187 415 362
574 191 845
25 476 421
943 149 1610
845 475 1654
426 613 1510
612 194 1061
121 665 1143
1356 617 2029
31 405 290
574 141 784
1162 593 1678
194 218 238
91 87 274
280 663 280
624 630 788
116 236 555
407 640 698
696 376 1850
477 618 1647
86 429 202
506 500 1684
518 330 1476
63 290 185
523 104 682
1170 581 1441
1285 86 2243
1099 373 1902
814 348 1016
78 234 127
874 377 1300
1225 282 2114
1301 478 2205
985 319 1400
724 147 768
891 346 1274
819 496 2064
51 144 230
292 239 641
786 586 952
86 72 133
531 663 1177
316 671 365
908 231 1421
351 34 606
569 179 1104
463 179 1448
457 321 503
1285 389 1486
1108 408 1312
152 693 357
186 555 1151
326 526 857
257 79 373
1032 298 1290
184 253 1356
1357 134 1579
364 564 877
220 409 539
451 166 898
1256 634 2351
1387 397 1971
1382 241 1989
70 130 417
896 275 917
61 299 989
193 71 432
1044 648 1421
1282 592 1865
1050 199 1939
234 520 1380
720 77 990
1356 617 1466
274 236 1327
328 497 1002
984 358 1337
198 271 444
1022 610 1132
613 675 1393
1075 138 1175
1206 136 1388
1178 483 1482
298 430 406
1089 291 1136
928 624 930
853 624 1115
199 77 233
253 123 422
452 246 850
1237 430 2205
844 96 1585
1037 47 1064
1269 308 1435
588 569 645
1361 646 1989
192 688 1158
860 210 1758
369 312 999
60 160 394
1159 10 1566
14 566 338
868 657 1487
78 670 356
1370 465 2302
903 59 1426
687 606 748
1020 187 1626
910 469 973
567 386 1370
120 504 277
76 159 169
278 166 331
1417 385 1537
405 562 621
528 24 799
997 315 1482
680 179 1180
1385 244 1539
1106 144 2099
797 169 1598
713 615 2078
196 258 197
271 370 802
750 554 1330
761 633 964
207 239 242
1437 550 1468
1298 23 1390
1214 607 1855
347 125 984
1255 36 2035
1248 255 1411
281 212 329
1366 431 1745
7 311 383
419 483 715
437 47 1349
194 456 1125
1213 554 1975
1422 485 1594
458 130 951
1065 396 1791
319 463 322
1152 161 1726
986 662 1010
1234 143 1956
1244 190 1413
998 13 1864
686 1 1441
312 294 1178
71 208 264
931 485 1750
1435 127 1946
1347 394 1528
236 80 264
42 85 143
776 341 1321
409 353 871
254 348 756
1406 291 1611
1156 112 1829
388 233 1415
76 573 374
769 61 799
409 57 1133
986 424 1772
1230 101 1937
1055 5 1478
621 66 1219
1082 688 1318
567 592 646
148 260 404
1316 514 2312
1400 481 1623
18 676 305
1118 493 1630
988 116 1154
317 180 1250
1040 11 1432
990 48 1441
24 50 169
1312 262 1380
314 698 347
1308 239 1700
1374 115 1469
743 666 1494
1003 289 1561
717 244 1211
590 52 1365
822 628 921
98 274 327
166 278 278
128 20 978
393 183 1530
986 684 1441
565 48 1213
119 604 484
1292 322 1742
628 675 1067
45 513 241
791 501 979
1368 465 2032
883 79 1265
1001 246 1459
2 164 193
80 140 408
809 6 1565
729 656 1411
38 589 400
13 488 187
1242 604 2167
860 665 1523
1304 252 1646
948 208 1140
877 639 1840
367 679 909
595 625 1909
104 353 278
416 691 1206
83 641 210
931 312 1385
687 108 1175
1070 664 2020
1344 627 1802
738 624 1422
749 113 999
900 564 1394
732 7 824
898 458 2014
1296 471 2350
1204 228 1918
495 456 1707
473 81 1324
387 307 1290
68 291 1313
611 604 1806
1174 274 2247
1296 243 1350
40 55 52
427 45 945
551 467 1599
498 118 828
510 622 802
276 36 1091
277 229 676
925 332 1235
61 601 319
1332 276 2149
1076 177 1530
958 419 1527
1234 137 1450
1407 489 1735
843 518 1709
551 645 1318
536 28 1397
436 176 705
833 671 1468
1073 148 1415
345 489 1714
1389 474 2123
1329 54 2261
744 408 1432
461 634 788
1030 306 1249
266 642 289
137 15 347
360 620 1279
610 563 902
568 79 1792
71 679 234
5 372 277
488 105 1753
585 441 1030
2 209 246
1419 657 1670
616 447 1290
508 301 1195
363 624 1575
1140 613 2113
863 495 1503
539 472 1267
122 189 336
979 54 1354
404 593 1047
737 97 1458
1040 269 1347
591 450 963
490 169 908
764 270 1311
1272 25 1578
806 612 1358
1080 520 2186
1351 176 1457
867 122 1553
979 561 1511
1236 191 1813
1321 132 2269
91 485 138
995 277 1264
1148 149 1620
519 466 1558
1119 341 2193
217 371 726
1381 87 1852
1314 32 2620
1348 134 1782
958 415 1368
859 638 1080
1386 40 1765
187 691 659
1089 329 1271
869 344 1614
480 272 524
660 176 739
824 678 935
232 560 314
408 253 1443
1125 231 1592
616 389 1290
361 195 1020
1236 170 1392
1291 395 1555
5 646 19
1328 238 2724
587 84 1319
1098 620 1506
1278 673 1723
272 643 338
712 320 931
851 73 869
767 150 1616
139 666 263
821 603 1342
590 261 885
426 167 1408
1132 201 1935
598 8 1536
953 624 1215
1077 264 1919
551 467 1226
1101 488 1283
1384 583 1677
387 583 412
577 213 1123
746 395 1171
673 444 955
810 671 988
181 259 240
1398 152 2208
1427 148 1430
1052 148 1582
194 41 391
185 227 346
1337 404 1910
866 336 1173
52 248 132
1051 92 2087
1338 414 1730
702 380 1225
717 456 1113
272 403 1186
75 326 325
785 225 1439
368 648 965
1018 541 1733
513 500 952
107 167 348
15 363 15
309 646 1457
539 33 1107
322 390 374
1203 330 1605
1227 154 1464
1388 520 1505
473 45 1558
1209 303 1377
218 627 427
22 377 330
367 300 960
168 366 310
7 44 268
30 231 219
129 439 265
610 682 1600
112 352 218
412 452 1258
590 37 838
273 663 698
1030 157 1534
1293 269 1784
1047 17 1294
1135 76 1506
701 257 1811
748 168 1483
1306 205 1848
741 21 837
63 440 325
1256 600 1613
537 695 1164
390 265 536
1191 385 1385
172 535 1061
1199 139 1294
1174 22 1336
432 10 1054
798 608 1552
762 639 1778
1404 95 1868
13 656 369
165 649 172
796 452 1615
137 557 1546
1354 182 1874
276 6 717
288 339 833
1203 691 2075
1344 214 1575
613 646 1270
769 698 1131
877 387 918
201 481 412
625 568 898
582 185 927
1122 116 1433
1138 93 1689
920 598 1033
1266 651 1594
202 121 269
1269 672 2249
736 632 957
1252 630 1278
582 181 1352
1162 679 1211
967 353 1221
48 595 334
87 574 166
955 247 1113
242 313 246
66 299 391
213 261 244
281 164 1241
613 390 626
1099 498 1281
21 512 391
1383 351 1416
1057 81 1245
128 663 352
961 612 1149
1134 362 1486
1158 431 1833
61 556 207
886 599 1639
1201 561 1811
552 609 1773
1224 402 1567
1266 167 1844
94 32 251
480 553 1132
1011 539 1027
898 252 985
756 423 1279
33 635 344
970 150 1529
1422 106 1579
905 644 1686
499 413 585
507 670 966
845 627 1516
575 576 1392
1353 447 1734
1173 682 1375
813 252 1183
1138 390 1231
1328 267 1927
1236 609 2163
424 115 1673
861 205 1096
806 215 854
99 133 1097
558 91 709
1330 51 1896
292 470 345
347 502 1277
552 148 1510
496 530 1296
1150 650 2077
1112 188 1338
96 29 121
1230 453 1724
1120 65 2219
571 436 575
812 124 1133
999 546 1786
363 675 602
928 453 1798
1350 350 1392
176 300 346
154 670 373
44 137 185
1025 96 1402
537 638 1501
83 27 428
507 142 903
222 41 296
717 401 1128
851 447 946
474 372 1505
55 227 199
860 85 1522
728 25 1350
1290 22 2217
493 673 1718
151 546 877
373 552 1070
397 14 572
901 283 998
1250 66 1298
1382 105 1795
930 651 1646
1246 116 1403
1172 494 1346
193 9 394
58 603 173
450 227 1043
820 603 955
1355 204 1795
1074 317 1747
1122 259 1503
554 464 1308
60 480 153
176 176 233
863 694 2093
3 400 71
1027 498 1197
145 695 232
198 501 258
414 282 1594
1431 119 2601
66 433 103
1167 696 1337
601 445 834
555 23 1432
927 71 1580
771 366 1731
488 367 1262
516 666 1174
25 473 209
437 506 1035
801 543 1301
196 100 1194
361 218 1139
942 21 1346
625 655 1313
13 238 204
722 146 1708
1080 579 1509
812 523 987
96 572 111
68 399 313
81 129 407
1182 447 1238
1193 135 1698
1381 19 1570
61 679 258
186 186 400
578 233 1308
274 284 1448
809 368 1397
616 59 1040
689 658 719
113 504 248
197 353 401
652 325 1463
269 436 274
1156 180 1331
41 517 263
1350 110 1793
729 659 1479
861 170 2145
474 573 477
317 495 1380
1357 181 1959
573 106 1461
1297 210 1444
599 197 1125
362 606 617
861 341 1531
672 337 1125
504 470 1158
378 242 1495
1076 31 1679
322 589 971
729 362 1475
475 471 1197
1222 495 1349
790 190 1191
185 89 399
934 146 1138
993 347 1215
674 148 1085
833 270 1000
561 394 1402
537 116 1315
991 429 1719
721 22 1557
207 664 411
740 684 1423
1328 456 1682
336 20 1533
902 526 1317
1153 356 1638
852 317 1809
407 60 714
736 135 1180
382 385 426
1210 360 1426
40 82 411
599 644 723
102 208 403
337 102 1447
614 405 866
1439 631 1906
421 630 1137
354 398 370
73 321 140
565 474 1324
1202 281 1742
739 136 1611
812 491 1596
160 51 323
100 215 332
810 2 1542
465 354 1081
782 160 1489
34 17 366
500 4 982
531 304 1212
1184 489 1439
178 280 374
109 327 214
374 285 723
695 55 1430
540 18 1500
633 160 641
1401 80 1993
408 57 1058
770 541 1799
361 176 1446
759 317 1732
878 486 1819
1286 628 1628
1217 23 1606
1045 663 1255
42 123 132
227 290 259
400 31 1472
1343 93 1764
152 11 333
845 633 867
308 621 1151
1429 194 2320
782 229 1496
1082 238 1448
390 188 1254
1156 297 2015
780 89 1141
393 306 1238
1148 303 1657
835 39 1448
594 504 859
424 674 902
887 254 1443
496 280 1230
1064 514 1411
628 63 1061
1104 426 1226
1067 330 1119
359 192 1474
586 333 1658
188 599 353
472 265 1088
503 6 623
303 450 347
1053 624 1330
1131 423 1716
108 301 798
992 73 2337
1084 160 1226
1357 385 1954
341 142 784
1368 2 2010
60 539 284
962 428 1221
917 92 1484
440 109 1142
800 157 870
1043 457 1418
785 549 819
339 179 1288
709 493 847
184 100 1070
459 525 698
1179 79 1709
458 574 1012
389 619 1470
66 203 134
1014 481 1645
794 211 1103
1357 245 1477
1199 407 2391
740 39 1597
1274 38 2068
773 379 1260
1251 226 1936
1384 689 1541
1233 404 1863
1420 584 1490
1068 671 1486
1129 611 1452
620 667 1532
836 565 2140
747 338 922
1268 655 1756
1253 333 2185
1083 674 1115
1051 61 1608
735 44 921
1094 355 2008
407 15 1391
1248 620 1342
409 597 672
236 667 276
114 524 407
1367 464 1570
778 236 1741
1017 647 1371
489 511 955
389 132 1476
492 279 806
408 177 1504
1186 114 1544
1426 658 1442
185 534 339
263 13 871
1417 161 1761
676 23 1446
26 208 321
533 411 680
1106 292 1576
786 326 1535
222 89 330
1234 315 1510
1130 571 1268
372 80 422
1287 400 1370
236 219 249
336 617 356
968 322 1552
867 699 890
882 21 1598
176 132 1382
195 254 321
1074 179 1113
844 686 1442
169 485 283
1 135 349
529 108 675
583 112 709
1431 473 1563
525 85 833
1247 676 1613
1055 519 1319
1372 216 2087
425 440 488
705 203 1510
667 371 1085
118 556 144
421 631 807
1071 560 1890
330 62 1131
466 413 768
344 613 1527
1228 553 1494
193 154 1488
1396 282 2390
279 440 358
598 169 1511
270 531 1272
202 35 255
301 209 302
1062 199 1196
61 195 389
938 293 1033
900 213 987
580 570 926
949 538 1010
429 460 1452
115 690 164
1433 309 2565
491 200 1651
366 630 696
1137 43 1449
587 7 982
1213 504 1451
557 184 1403
774 29 897
900 485 1025
190 546 380
456 500 691
184 144 366
373 561 431
115 454 389
226 570 555
42 479 420
493 260 786
1154 672 1619
1380 690 2613
123 693 1311
499 476 1090
66 130 264
250 672 401
665 591 1074
1144 62 1361
1267 479 1756
294 320 939
835 78 996
1204 172 1530
683 551 1439
832 129 876
936 351 1248
375 622 1329
583 399 1758
1179 568 1300
701 243 1274
267 118 583
1265 565 1745
1137 602 1527
50 639 261
1182 132 2274
1027 418 1404
207 67 883
533 581 604
530 646 1252
94 613 260
724 394 1729
1243 654 1598
77 644 351
426 688 1206
1282 199 1924
864 556 1502
1300 340 2179
970 380 1544
344 40 1274
636 333 1331
884 139 1072
691 402 724
901 83 1065
1373 173 1579
746 119 785
344 697 994
678 333 1852
705 491 1043
369 514 417
580 143 1050
510 201 1072
641 415 1240
697 605 1082
398 125 1205
352 613 513
714 83 1089
95 365 910
1393 66 1588
1367 206 2125
195 383 295
1181 553 1762
1150 524 1411
53 255 377
919 252 1146
89 313 359
387 670 496
349 507 375
206 230 255
626 216 739
554 553 1328
861 234 1089
571 235 1431
1403 206 1545
1247 218 2198
1059 567 1411
619 49 950
1413 458 2499
1181 521 1242
691 230 1306
1379 447 2283
1001 545 1095
381 19 1215
926 73 1498
620 202 977
135 474 137
819 195 1542
943 369 1401
1240 30 1553
80 641 199
740 94 1337
936 126 1512
602 28 801
613 269 784
542 72 847
830 637 1279
380 414 707
1178 198 1249
835 172 997
1248 624 1252
324 435 824
1351 432 2276
108 613 336
773 358 1403
740 111 1506
81 134 331
1349 161 1520
365 78 425
287 460 337
12 288 286
867 676 1109
1317 575 1629
1108 602 1482
923 170 1627
373 345 445
1254 12 1682
1232 52 1482
37 390 305
808 583 1591
678 254 995
982 362 995
533 116 1041
1386 172 2361
1373 372 1431
909 130 1729
1210 264 1974
1251 29 2144
1402 105 1624
679 493 1326
454 697 1047
511 187 1435
1319 554 1456
651 578 681
1226 626 1298
408 170 414
1113 595 1371
1097 621 2184
703 338 1413
386 502 543
600 379 1100
758 457 1739
639 57 1717
1186 44 1415
266 339 1494
750 237 1591
206 221 290
6 532 346
1168 364 2110
506 401 1045
568 442 600
574 438 1257
338 253 883
1388 428 2375
331 535 401
1242 644 1537
574 365 1718
1178 213 1341
1165 211 2261
657 544 1550
90 84 125
988 152 1449
1307 3 1307
819 583 1392
1024 173 1368
767 539 985
121 50 344
1095 104 1613
766 516 1004
258 383 359
548 472 1592
210 506 1474
1092 696 1891
1027 4 1478
1259 607 1728
1081 610 2270
813 312 957
542 645 570
559 120 1172
1169 340 1451
366 129 1151
663 261 919
143 139 1437
229 648 1486
1078 241 1122
1426 400 1667
191 248 354
151 72 362
89 668 297
353 91 383
1242 176 2076
1360 126 1440
764 467 879
681 204 712
38 593 297
579 556 963
1013 123 1220
517 84 1252
809 259 1116
717 514 1595
174 443 361
1 109 96
78 13 426
523 305 1511
14 504 312
1188 260 1415
438 37 1297
700 42 1617
672 174 747
419 474 1228
369 696 901
1350 510 1532
37 166 243
1277 401 1610
1201 9 1345
458 115 1156
1394 504 1623
812 66 1552
466 372 1582
1434 218 1479
1278 71 1761
431 145 707
707 631 1152
853 29 1725
999 330 1642
604 406 1013
1340 156 1751
837 128 1472
549 94 1113
838 232 1865
837 342 1937
970 368 1162
794 534 1005
498 52 724
153 629 661
1068 515 1517
463 604 1248
160 323 220
596 386 1118
780 329 1686
990 45 1439
1380 578 1621
423 671 1098
1123 693 1586
1366 589 2393
73 146 85
366 186 1496
795 359 1570
866 352 1077
456 337 827
1107 60 1360
1432 381 1716
362 315 1446
882 540 892
763 446 1143
353 311 942
1320 476 1909
270 39 293
814 163 1238
1082 86 1427
606 16 1449
1293 487 1803
390 495 730
1003 304 1151
425 18 1214
114 99 266
478 401 1701
294 223 794
1046 628 2390
922 401 1725
1083 560 2135
759 351 1495
608 140 654
613 173 1117
1094 461 1744
517 480 865
258 432 778
92 454 110
758 419 1425
429 491 1189
633 666 1340
1125 5 1304
587 416 937
702 319 739
1190 354 1457
1148 543 1533
1415 505 1417
160 317 1329
94 310 245
159 517 1174
417 395 1556
1160 107 1910
343 98 962
737 413 1267
326 110 422
332 77 1199
1049 179 1428
193 604 738
289 216 996
1095 153 2111
632 107 1193
120 210 354
836 72 1864
967 564 967
522 510 660
199 141 427
196 6 211
1354 691 1773
786 288 1164
306 355 318
786 360 1573
665 277 1053
938 70 1704
994 563 1905
100 303 185
747 445 1066
545 566 1302
927 531 1320
891 32 971
270 432 271
1233 242 1616
851 678 1144
808 387 1627
645 133 842
178 415 184
864 278 1087
338 91 1352
881 19 1873
771 13 1494
821 226 1176
999 284 1461
1268 377 2463
1105 215 1522
1171 237 1298
996 89 1715
1427 47 1713
149 279 431
857 177 1476
378 10 928
1226 24 1320
183 697 428
380 597 628
1255 445 1293
920 623 1555
363 503 750
43 486 325
130 170 343
238 524 419
169 439 343
1136 589 1842
14 380 126
251 401 708
304 333 360
488 491 1528
23 184 94
696 104 1283
181 401 191
258 468 958
190 237 1287
134 237 645
1396 365 1711
1163 41 1383
71 70 144
1425 340 1596
546 328 574
1214 103 1285
670 166 1496
537 327 1312
232 148 361
1049 85 2200
1299 83 1986
461 638 475
753 81 1587
980 654 1070
1161 52 1684
105 134 233
592 272 1476
190 667 814
384 385 426
1424 344 1549
1128 297 1129
1390 495 1408
756 403 1586
1340 319 1658
289 489 392
180 646 847
1350 100 1423
1182 408 2368
1162 670 1760
505 615 818
22 250 327
1169 505 1237
740 546 1340
523 585 1033
936 198 1185
442 99 1699
1430 277 1968
930 142 1286
673 406 1339
224 121 1160
691 520 1459
871 153 1227
73 401 138
158 689 182
1092 310 1115
653 556 947
1421 429 1664
557 524 1594
150 211 352
848 631 1196
1094 170 1822
1231 57 2376
1366 361 2111
1051 263 1666
911 580 1148
289 470 407
25 92 350
718 34 1307
133 569 370
1075 459 1394
1410 663 1847
1421 579 1477
863 38 1370
571 404 781
1178 652 1257
1307 568 1960
1173 277 1234
186 512 304
1135 446 1304
42 646 308
1269 360 1520
584 437 1516
1327 382 1784
846 434 1610
1213 647 2225
761 543 1357
652 189 1182
826 690 1230
1335 280 1583
1097 393 1134
1069 273 1412
1000 304 1638
1262 296 2645
444 126 634
817 529 1460
648 85 1345
747 490 1246
286 602 947
1038 514 1119
138 271 426
1118 454 2295
1249 394 1628
1416 516 1980
483 277 877
371 681 511
535 136 1676
1078 561 1799
668 445 1438
1210 244 2004
96 104 166
1163 130 1627
1138 20 1429
1218 394 1399
693 636 1649
1287 302 1435
648 56 1445
1322 94 1628
783 507 1088
961 523 1449
311 487 1360
896 43 935
853 439 1151
1000 137 1862
295 400 1153
935 698 1604
417 300 1060
1065 77 1413
138 246 414
1326 273 1400
1339 440 1362
1139 684 1201
1150 465 1395
1206 289 1752
323 241 342
773 507 1667
698 686 861
236 267 1247
96 146 350
245 276 1075
2 685 178
217 448 1559
555 154 1592
672 625 1282
574 594 1272
1021 302 2090
211 87 280
731 489 1725
24 477 404
1046 35 1760
1146 678 1764
731 233 878
885 269 917
1117 653 1400
1006 639 1078
436 340 912
1433 385 2143
671 583 1371
694 36 752
1134 19 1364
287 237 1136
358 661 1419
1367 288 2082
80 529 274
64 268 380
333 137 1474
968 599 1185
631 25 1223
1073 482 1446
638 375 807
677 130 865
1276 573 1671
1280 676 2071
1352 512 1421
180 417 332
183 370 371
138 193 738
1135 292 1402
299 494 421
600 556 1377
43 66 162
1199 527 2396
1398 328 1618
1058 270 1295
1374 562 1656
72 191 699
1071 69 1137
328 154 828
429 681 759
1129 639 1226
263 467 1404
979 534 1577
1370 566 2045
729 145 1823
1107 354 1564
104 451 144
1104 384 1494
1260 681 2010
645 365 1050
106 62 376
1410 40 2444
1116 375 2189
1222 395 2461
505 470 772
619 427 1831
958 603 1240
795 310 1333
96 121 104
1370 448 2205
1390 21 1454
882 210 1411
1394 38 1602
1036 652 1138
1428 47 2189
207 267 337
64 566 327
889 579 1656
1438 368 1645
833 378 1217
509 488 1176
1077 221 1624
336 661 344
589 338 1021
1246 194 1370
122 527 188
391 274 417
649 234 1023
327 624 898
1064 2 1161
1219 170 1254
884 540 1137
1422 24 2109
622 61 1164
943 665 1350
101 638 381
1004 55 1152
114 60 359
1146 407 1508
444 416 1105
1141 697 1523
1070 690 1422
241 394 1247
455 76 720
4 604 95
1352 353 1464
866 120 1623
894 504 1427
6 607 424
780 549 1433
1145 617 2119
1018 47 1530
283 533 310
934 380 959
365 10 974
16 122 234
1285 525 1304
647 571 1013
663 302 1036
572 522 588
1415 363 1519
245 671 375
821 604 1739
149 32 206
86 125 409
73 98 306
691 358 1542
1085 503 1343
160 362 400
524 539 1607
156 126 496
1059 611 1173
205 361 294
1413 629 2397
540 594 1390
601 52 1202
256 260 575
787 580 1892
635 176 871
1177 431 1441
1359 402 1725
307 576 851
1337 51 1684
865 565 1284
820 166 1116
567 178 1066
337 532 407
162 405 1225
927 63 1792
816 79 858
386 659 396
114 257 302
956 16 1375
1202 99 2111
2 470 329
1346 190 1613
1270 394 1278
167 388 400
1254 410 2212
731 512 757
40 416 297
539 192 1260
776 540 1109
1331 571 2411
1082 648 2190
1412 161 2107
725 23 1993
570 626 1248
1285 676 1494
954 535 1515
915 561 1283
1414 442 1440
340 59 414
134 82 1557
1269 75 2203
853 631 1331
917 557 1780
1418 518 1441
120 684 415
1270 645 1652
230 605 715
1169 693 1720
207 271 421
1059 468 1320
817 24 885
366 348 527
168 58 954
396 466 520
655 184 946
658 88 1580
474 345 1185
163 194 850
723 355 1260
447 428 490
877 174 1154
789 500 1880
1120 190 1377
628 151 822
1238 95 1982
1318 666 2308
632 429 998
1175 130 1405
287 603 743
631 524 937
289 638 405
924 185 1781
330 109 1085
1267 491 2356
112 389 391
1369 556 1481
1088 534 2015
83 604 364
560 163 722
709 111 1380
1061 476 1588
926 267 1243
590 370 974
1324 233 1760
202 403 360
334 486 1251
964 294 1151
556 610 1200
1203 649 1449
340 163 365
671 83 965
278 213 600
908 694 929
486 223 1157
253 486 408
33 89 353
1088 120 1402
707 478 834
273 236 346
1417 147 1526
250 59 293
231 370 935
111 230 143
1138 513 2027
260 535 384
1351 43 1473
812 322 1546
1093 635 1525
1312 133 1655
875 186 1400
339 314 365
274 357 314
1403 94 1532
737 393 1001
301 264 474
1332 461 1419
648 19 1274
1168 34 1590
1267 216 2134
26 450 41
900 477 1446
1314 359 1763
105 307 325
717 428 1478
1127 512 1681
408 30 719
127 680 228
745 615 1785
1043 551 1253
42 277 407
268 353 389
1339 205 1397
825 625 1152
1201 76 1477
1256 63 1790
962 296 1055
394 124 1522
1376 616 1558
359 99 444
1333 600 1899
894 554 1494
152 339 261
743 336 1462
83 167 139
903 406 1775
504 156 851
421 606 457
258 575 980
1022 624 1079
522 442 780
34 417 382
698 350 917
161 506 499
559 417 1483
865 644 2019
142 499 242
980 194 1658
120 477 1081
572 216 887
233 201 410
294 519 347
1107 540 1984
68 631 368
426 229 1120
139 178 530
395 506 1070
357 284 1408
452 555 682
468 434 802
716 212 1720
860 6 1605
408 104 1553
564 461 1209
234 618 325
1209 93 1876
1036 322 1214
1126 394 1215
937 568 1617
433 561 568
792 577 793
153 76 271
1056 107 2039
748 146 1176
1134 547 1584
590 49 1542
937 463 1379
788 118 1655
335 418 942
945 272 1260
833 456 1090
188 283 909
976 547 1114
1177 100 1199
1150 470 1600
519 111 1265
1090 256 1108
47 566 1200
140 309 171
172 266 191
1249 568 1449
56 308 745
1008 21 1064
466 206 1661
101 6 413
368 371 714
591 543 1502
1362 371 1486
812 258 1189
938 445 1134
1428 125 1522
1125 302 1375
835 565 1227
683 144 799
10 299 426
912 579 1462
271 696 287
297 348 546
624 511 960
802 558 1066
542 150 743
251 675 309
83 430 307
470 391 568
1219 381 1950
255 156 387
73 552 157
538 264 1165
633 394 1304
1345 447 1377
468 59 1347
1189 698 1682
841 162 1363
1061 441 1748
719 389 722
233 670 326
1369 680 1933
465 163 1178
1397 631 1757
964 325 1476
1121 600 1207
547 310 660
114 481 329
527 665 1123
453 226 911
557 599 1003
946 261 1124
457 333 1014
636 512 1252
306 155 1265
125 685 302
913 129 1819
1067 498 1829
765 625 1656
1359 683 1423
438 93 1371
45 61 145
76 592 372
806 347 2024
1432 10 2653
1110 242 1433
1329 210 1797
1132 14 1199
1413 231 1486
338 381 1394
1061 138 1332
572 520 899
1406 441 2113
935 48 1896
1275 471 2061
1083 692 2420
716 241 1122
783 535 1462
58 72 103
1199 45 1212
531 217 1200
163 239 206
866 15 1734
1102 321 1131
1049 380 2004
1402 26 1496
764 182 1438
453 25 1503
402 660 1125
200 36 1181
402 311 914
500 546 1433
998 365 1625
840 65 1828
1239 554 1509
987 8 1257
670 106 1406
231 80 977
246 584 611
422 261 1223
718 506 1291
1102 617 2047
1036 537 1566
1177 374 1503
1030 105 1253
363 67 966
1348 477 1599
1143 52 1639
146 141 455
1194 256 1952
148 292 284
1286 581 1723
263 46 391
1133 587 1470
948 429 1699
563 65 901
268 59 394
227 610 861
325 665 347
1262 564 2242
613 675 1324
1436 132 1784
265 556 401
276 476 290
150 620 697
207 493 261
189 298 430
882 393 933
918 88 1357
1385 110 2088
964 385 1692
735 235 1560
1122 452 1668
1343 612 1597
1039 437 1056
809 379 852
1394 374 2108
641 104 874
342 170 817
103 319 255
361 640 1151
902 200 955
1181 340 2272
695 610 1264
1325 641 1392
320 499 1367
1296 355 1978
525 44 1836
242 367 398
168 538 590
147 391 239
619 194 1869
717 512 1232
79 323 254
211 529 453
87 95 860
402 278 770
952 226 1775
352 139 1332
512 145 839
359 450 841
782 509 1533
255 422 422
66 678 183
745 131 1659
159 655 387
1347 437 1908
726 127 1462
422 146 1701
693 495 1770
855 111 1259
1327 501 2144
986 335 1574
319 198 692
896 333 1278
297 323 532
553 312 803
1281 206 2106
1189 552 2364
1114 574 1263
636 663 966
74 105 112
30 57 349
452 515 1753
887 557 1738
466 192 989
434 274 845
374 24 1639
17 395 307
614 617 1668
705 295 1408
473 133 1156
1383 411 1984
1421 265 1592
1401 106 2106
1271 8 2329
313 264 447
893 18 1094
281 99 300
1179 512 1536
1153 332 1491
1411 431 1549
561 375 1424
740 483 1561
1301 267 1964
363 365 1430
93 454 158
289 549 1343
25 363 103
339 233 807
55 339 68
221 177 329
368 666 619
436 456 1254
213 537 1293
321 580 1111
228 199 409
1160 131 1711
783 488 1624
221 199 304
1084 208 1296
735 475 823
860 90 1878
745 457 1171
716 54 1651
85 346 375
512 526 1158
968 28 1005
390 193 1135
278 31 654
415 425 559
853 400 1247
1315 311 2031
864 468 1423
989 291 1206
39 595 194
345 577 1510
362 293 1090
112 528 935
1364 406 1632
1230 686 2229
162 563 1113
687 157 1661
327 509 675
577 416 1508
651 220 839
1049 344 1845
630 95 933
549 129 951
1002 424 1777
232 282 732
960 132 1822
636 477 1521
807 261 885
546 536 794
128 564 287
891 541 1197
462 24 843
987 150 1501
165 52 1007
818 565 2086
1334 628 1856
862 320 1017
822 235 1472
124 426 184
1426 513 1593
423 442 1020
920 72 1164
1191 476 1610
889 117 919
188 59 225
520 179 1715
290 310 414
1025 169 1747
328 426 360
1138 661 1925
118 602 270
910 471 923
622 160 1760
374 625 1316
1229 583 1590
894 210 1512
214 485 226
321 514 431
421 7 1303
973 454 1571
224 158 262
1390 464 1471
941 265 1196
1404 461 1452
483 457 1370
1310 146 1682
1313 467 2672
1422 214 1676
548 26 1718
255 616 387
509 500 879
909 366 1457
957 235 1448
410 456 414
1398 315 1863
400 357 427
49 185 310
757 503 918
564 574 679
1069 50 1612
1076 182 1464
51 373 99
692 547 849
55 499 226
109 250 262
927 266 1919
650 96 739
496 117 1052
414 472 1777
905 240 1314
1204 33 2591
1262 65 2513
1088 652 1260
367 670 423
1074 694 2303
1008 97 2038
704 669 1756
1408 584 1459
785 440 1580
1102 55 2210
93 72 1251
185 200 1279
925 162 2202
827 82 1380
963 13 1244
298 544 1149
171 648 429
111 638 317
1435 162 1737
1257 316 1602
608 637 817
1162 22 1740
672 490 1504
113 367 301
1322 54 1483
309 76 405
843 517 1648
1010 152 1311
1328 464 1649
553 487 1660
451 428 959
372 31 892
1286 376 2061
1146 596 1168
1387 32 1867
609 564 1408
215 372 898
1337 162 1341
1199 420 1227
1409 595 2033
569 522 1350
1248 595 1688
13 138 122
1309 400 1853
422 340 1150
1289 691 1844
148 495 258
880 4 880
1237 90 1375
1306 616 1617
817 611 1341
1131 475 1706
418 89 810
967 695 1022
669 638 1487
861 409 1839
58 107 138
202 197 217
162 93 174
1269 25 2080
1154 326 1823
894 440 1354
311 563 1359
1434 227 2050
1191 329 2186
1044 504 1468
1311 589 1825
901 595 1055
1387 84 2166
92 556 335
674 302 887
822 319 1847
831 150 939
945 561 1648
1407 607 1701
477 504 786
886 436 909
1082 372 1350
712 601 1121
128 169 414
830 105 1170
373 337 812
378 637 1425
292 578 295
102 299 102
32 333 117
696 571 844
1149 416 1662
281 482 299
829 88 1097
688 601 1356
1350 453 2095
1053 547 1747
224 291 804
547 16 1059
182 424 243
410 16 421
1318 370 1536
1410 603 1668
1147 150 1797
516 463 623
782 444 1414
981 323 1004
1117 232 1266
745 325 995
60 387 196
9 223 61
759 511 1230
1110 533 1324
653 677 1812
903 532 2205
1299 444 1606
785 650 1246
1357 566 2113
715 4 1607
2 362 103
38 475 45
339 564 368
249 380 510
617 443 1098
323 129 382
196 275 688
960 140 2093
1180 434 1785
981 517 1831
797 401 980
266 408 1032
142 447 746
461 190 809
1088 34 1853
1358 402 1627
1180 18 1220
647 526 1640
697 141 1495
284 13 652
671 462 830
766 630 800
117 371 425
664 263 1340
590 453 974
906 273 1225
501 47 591
74 319 264
57 523 787
1292 326 1833
775 339 912
767 30 1455
154 307 362
1212 369 1356
1133 77 1639
166 159 208
256 137 961
643 335 964
1414 7 1796
703 667 862
810 678 982
1081 12 2006
858 361 1723
231 109 369
449 490 817
261 59 407
301 644 784
1011 10 1262
754 247 803
642 321 874
824 433 1821
968 234 1115
261 568 736
1356 450 2499
1436 515 2248
1231 541 2306
998 184 1458
844 300 1925
337 543 409
482 395 818
346 178 699
1329 535 1446
1215 666 2047
857 448 1907
1227 118 1664
935 30 1794
1029 361 1437
1028 641 1396
1168 689 2108
1035 349 1523
220 235 392
801 459 1571
139 189 384
260 622 1010
722 198 1237
762 364 911
355 638 955
976 99 1383
1368 456 1482
234 372 349
1371 455 1647
881 234 1189
1135 612 1849
638 30 740
194 166 520
141 620 337
238 496 1012
351 430 407
563 410 1112
792 42 1131
133 58 362
826 201 1282
43 561 385
368 513 1289
400 283 748
195 380 355
210 502 1201
832 360 1103
521 524 1175
1118 560 1717
130 437 411
269 131 779
460 26 1260
1392 86 1697
1358 388 1982
938 79 1145
1414 419 1639
730 197 1167
334 673 828
207 643 297
200 273 353
1045 155 1928
663 159 696
743 204 981
1300 88 1465
979 302 1185
1373 672 1769
223 67 922
493 31 679
1291 459 1733
968 149 1105
1056 559 1178
5 294 253
1149 251 1515
910 216 1065
639 7 1194
1418 459 1936
434 111 1372
864 93 1483
58 400 426
1231 679 2213
614 602 1094
535 49 776
1292 360 1725
782 138 1274
1173 220 1239
757 88 1123
309 656 1400
1160 635 1187
1128 183 1257
37 446 133
460 357 1451
740 359 1716
830 625 1801
1115 668 1301
1052 404 1694
1281 575 1619
1012 268 1555
858 53 1992
1355 454 1441
124 643 401
1198 699 1798
767 510 1058
51 315 387
1154 600 1449
317 353 1662
32 369 277
270 195 1327
65 476 73
283 538 302
796 91 1917
185 483 277
487 73 689
732 14 1086
896 237 1932
96 474 230
77 13 416
1353 567 2200
605 341 966
471 206 886
532 478 584
51 120 414
598 499 831
1269 275 1369
1149 494 1710
1146 219 1372
820 568 1687
171 684 510
219 445 1099
108 591 295
1261 283 1689
678 481 783
143 122 227
1038 528 1259
1276 97 2439
938 187 2072
852 172 1191
59 174 1343
279 427 836
138 88 161
1242 355 1780
544 99 1049
1096 11 1844
227 514 1119
251 561 599
345 246 1226
1246 240 1273
324 232 1188
262 365 1208
507 665 1374
1311 469 1798
743 43 979
53 206 73
85 76 263
1276 479 1706
760 517 1475
36 214 159
96 148 314
1289 90 1446
1333 204 1400
1298 306 2024
384 550 1544
495 675 1302
84 450 995
1182 622 1519
873 442 1345
689 570 1788
295 21 568
875 381 875
517 202 731
793 664 1628
998 693 1149
815 10 1528
927 483 2205
343 413 380
1095 162 2064
126 695 397
640 269 1515
1247 474 1428
233 457 780
784 460 1296
1210 638 1476
697 632 787
1272 180 1807
1344 641 2049
454 496 1408
331 180 1071
1417 621 1425
419 164 534
1074 109 1445
427 551 796
840 631 1026
927 210 1024
843 506 1370
637 602 1157
24 556 362
888 345 1054
1122 137 1212
241 411 417
283 263 422
596 516 922
308 331 407
1033 535 1276
528 414 1477
630 580 1718
983 685 1133
1187 513 1779
1122 289 1273
928 463 2210
869 387 1828
95 463 310
394 485 1073
279 268 359
625 100 929
348 93 734
982 508 987
1343 638 1647
48 193 67
227 237 331
608 655 1352
47 313 177
750 259 1507
526 196 904
485 327 1422
342 50 347
32 47 312
1337 151 1663
1402 66 1587
1150 594 1600
591 516 1351
668 24 1160
445 97 1282
652 134 1787
308 672 353
122 265 925
90 529 113
1173 488 1307
1091 621 1423
1104 561 1903
1277 337 1865
716 297 753
464 259 1130
1103 12 1141
1261 245 2472
1111 521 1857
1439 325 1766
194 513 248
1212 360 1459
795 276 968
1274 37 1339
288 427 292
410 266 423
74 373 307
1156 174 1647
62 48 87
967 501 985
240 247 699
877 319 963
707 678 1633
705 204 1201
770 44 1496
381 514 1145
600 300 1547
1358 282 1619
665 345 1751
163 423 979
1189 178 1348
1129 196 2232
754 148 1552
235 670 289
1246 638 2044
350 271 1062
790 653 909
1144 192 1402
159 424 375
882 372 1627
83 115 298
710 208 1316
922 360 1024
865 201 890
1173 314 1971
993 311 1570
406 467 1550
583 343 1212
1218 94 1773
1306 228 1679
1383 334 2387
129 31 410
210 200 325
936 385 1245
352 15 1529
1141 317 2106
602 266 682
150 415 1426
1316 699 1506
899 362 1324
856 620 1196
1145 37 1841
754 471 1483
1387 269 1633
496 343 646
269 295 1370
835 575 1086
1001 248 1473
690 642 1189
431 381 1058
1436 662 2401
1288 566 1498
1349 249 2235
1198 325 1340
203 490 290
140 611 197
807 576 839
301 459 902
1040 431 1405
352 462 1093
717 330 961
783 36 986
1271 235 1582
626 329 892
1035 259 1226
1201 347 2561
1101 240 1589
786 100 1346
490 632 1097
1310 10 2342
580 494 1095
1053 418 1216
547 137 1292
1260 169 1736
638 119 721
340 523 340
816 333 2051
1356 533 1639
198 596 377
720 675 1585
595 329 921
315 565 385
763 689 1044
1323 583 1437
1394 322 1417
1315 559 1669
1297 224 1385
600 582 1281
1282 311 1595
219 22 335
683 342 913
164 648 751
1195 379 1332
902 214 1302
399 479 1618
1233 352 1446
230 262 881
1297 479 2196
611 275 1499
648 580 1305
1318 688 1669
1284 594 1483
753 504 1018
141 484 818
614 412 1573
637 679 1070
419 112 1257
291 169 338
646 548 1624
1222 658 1567
523 292 1493
1204 212 1225
709 147 1493
720 1 1734
1333 447 1340
893 449 1525
422 468 548
116 250 215
1402 374 1536
518 64 1567
91 365 175
877 456 1295
1163 497 1198
1095 584 1954
957 235 1428
198 223 804
157 416 276
51 455 256
159 406 226
41 223 103
923 121 948
779 504 1135
1167 264 1622
395 59 644
903 511 1676
982 78 1081
1340 647 1805
960 438 1242
198 672 894
1424 500 2002
449 409 803
206 121 311
1124 547 1472
1324 376 1466
255 28 557
792 404 1086
1255 559 1698
714 533 1804
639 455 1176
501 221 1023
304 467 857
792 278 1095
1218 69 1571
516 229 532
994 407 1460
1019 427 1425
916 503 1352
447 519 1299
1062 556 1393
615 547 781
832 185 967
797 671 999
953 377 1740
597 72 1090
884 355 993
141 391 260
417 373 562
1426 510 1698
600 349 1493
45 337 264
319 485 1349
1392 305 2116
575 471 1459
1434 90 2515
843 567 1065
40 265 124
502 579 1400
27 405 398
925 627 1550
1139 55 1765
1364 210 2046
137 556 394
417 220 1748
247 265 325
419 295 748
1022 64 1549
1345 697 1680
1118 672 2030
1024 473 1289
463 356 1559
635 237 1489
137 70 909
868 123 1448
889 212 1316
1151 142 1502
563 67 914
956 49 1342
319 30 697
585 135 1047
1417 664 1626
1294 480 1322
936 321 959
286 66 1318
978 684 1082
788 22 1062
647 668 1608
140 600 374
754 48 766
807 474 1598
75 663 406
1188 614 1313
417 77 653
769 440 1287
1180 287 1272
236 507 419
546 216 1383
1116 243 2286
1192 157 1466
979 658 1126
1017 337 1046
1172 565 1195
1226 170 1945
1046 653 1565
1167 630 1881
857 533 1603
108 46 211
1371 660 1464
534 276 614
390 606 523
1112 264 1779
204 542 345
30 558 325
231 245 318
467 635 1018
502 680 753
438 156 551
687 673 1201
910 376 1755
711 607 1330
705 147 1412
39 443 396
963 296 998
60 618 270
798 258 1298
949 12 1331
1217 547 2060
1371 49 1401
1275 141 1596
1055 340 1459
1201 52 1697
1372 211 1613
878 694 1602
639 439 1000
365 340 1102
372 229 1247
452 624 1613
436 415 899
910 246 1856
825 223 1458
331 589 1360
604 475 1511
826 274 1362
704 532 885
619 614 681
774 458 780
700 436 1194
580 581 621
1421 374 1760
606 124 816
373 686 893
1279 678 1722
818 20 1517
1094 400 1557
1086 30 1848
1146 266 1567
1365 210 1645
1412 181 2046
1197 526 1257
966 532 1660
377 179 1429
129 563 875
420 535 1552
615 544 1415
729 349 1173
11 30 124
664 196 1711
430 275 1334
1111 12 1284
759 56 1672
753 255 1370
1073 586 1577
1186 23 1761
437 124 1011
490 116 1436
704 290 956
1387 61 1913
107 242 1014
1156 591 2395
700 402 1265
946 265 1457
942 555 1015
620 12 865
594 197 824
279 440 290
1395 349 1446
1282 672 2423
1359 643 2385
1087 218 1219
356 225 629
1180 565 1321
1188 157 1600
1008 86 1660
1026 534 1968
1167 165 1385
809 508 1147
1281 254 1346
1282 30 1958
1251 50 1638
1141 398 1779
582 506 769
624 602 1172
772 519 1042
738 299 978
977 278 1266
961 487 1705
431 683 892
515 92 578
529 277 551
1407 233 1689
390 171 1670
694 416 1125
1004 659 1405
1135 20 1136
84 641 1073
968 575 1788
671 168 694
362 511 394
69 51 594
46 222 165
1052 87 1352
730 526 1305
1080 37 1200
920 442 1601
514 261 963
727 309 1674
123 699 293
876 5 1549
366 563 399
10 190 203
1261 306 2024
845 648 1907
282 586 1069
783 395 969
822 568 1320
695 103 857
610 650 1419
1108 431 1438
510 67 973
1266 690 1777
744 302 1658
1320 14 1706
1028 652 1296
1254 440 2118
986 327 1680
1150 456 1189
921 102 1071
785 670 842
768 185 1005
582 482 1570
373 574 1695
757 296 1539
1096 321 1245
131 107 326
1297 29 1388
977 214 1405
619 310 1690
1042 486 1657
808 119 957
1340 620 2180
1018 214 1207
509 582 825
349 598 544
150 43 1233
256 437 905
1238 620 1523
557 79 1538
598 490 1799
464 349 1553
1218 305 1744
682 660 1140
1354 352 2731
837 127 1221
580 330 1574
312 545 1130
734 181 1211
813 168 1700
642 159 1410
673 139 1014
725 241 761
1220 271 1462
755 133 1072
1233 19 1603
432 346 469
876 19 1581
906 326 1400
224 247 241
1052 567 1710
664 56 1637
449 453 801
81 445 184
1165 412 1493
1044 600 1738
936 573 1042
4 694 76
292 541 1326
330 443 344
137 137 328
626 587 1355
759 547 1643
1222 182 1253
810 203 1441
274 661 1232
1278 317 1547
318 505 1554
201 664 292
446 528 1234
678 445 1762
809 382 1612
1261 90 1326
534 506 1461
1099 182 1366
557 522 1166
1356 486 1405
701 193 1358
1065 231 2281
989 27 1975
102 612 428
482 371 1428
21 13 263
626 306 1698
844 458 1265
1199 659 1872
1356 699 1364
172 588 496
783 150 1654
169 140 274
1269 547 1357
961 163 1830
811 197 1306
822 42 1836
600 397 849
569 601 1047
427 516 1252
1335 34 2145
765 522 1620
635 664 1360
372 542 1672
1077 637 2068
1128 562 2343
520 588 1253
73 103 1501
981 213 1158
287 291 1348
974 27 1111
1310 216 1441
482 261 1549
879 31 1412
547 290 1283
1051 691 1919
580 185 1969
787 56 849
1215 5 1987
198 442 397
1244 564 1292
116 286 272
1435 84 1768
251 343 329
718 465 1151
171 458 196
1066 167 1320
1278 301 1724
1339 676 1535
1048 69 1055
477 122 1408
331 596 346
431 401 632
956 575 1707
811 399 1418
327 96 662
224 509 1015
1104 301 1769
790 321 1153
699 665 742
65 544 377
461 694 836
860 653 945
347 373 400
128 223 362
611 651 1218
1381 344 1751
479 225 788
451 378 452
514 282 1383
1136 454 1481
347 123 950
162 622 806
323 473 721
8 529 72
958 430 1406
389 367 422
1345 305 2275
872 161 1743
920 165 1678
288 545 1094
562 251 1079
424 164 936
982 562 1051
53 222 153
1219 168 1481
755 538 1012
1290 237 1436
874 592 1368
41 430 1425
628 144 982
768 89 1048
399 121 470
1297 18 1396
745 286 885
856 18 1337
842 59 1108
466 679 1613
849 335 987
1298 85 1361
293 333 419
379 292 1451
1303 582 1613
711 439 1068
240 324 306
909 405 1657
1199 198 1266
846 527 1346
823 548 1401
531 605 1841
855 329 1411
73 173 120
628 84 1674
1046 44 1879
963 695 2190
120 301 234
1153 518 1490
98 82 103
738 15 1022
938 652 953
1107 592 1933
1402 603 2144
1387 128 1605
1135 517 1954
169 354 1460
227 72 360
891 110 1414
720 305 1156
1410 322 1493
626 289 1343
1318 574 1352
155 202 427
835 590 974
713 150 1324
284 313 288
360 633 839
48 274 348
1358 3 1365
1150 503 1412
1264 73 1433
1076 351 1797
804 509 1125
1184 642 1619
100 618 383
634 125 1571
1181 607 1678
74 138 237
678 574 1148
42 566 203
54 194 305
1054 330 1541
900 227 1220
1206 608 2192
885 124 1753
748 516 958
268 364 336
299 228 1001
280 557 1415
1235 427 1440
62 231 195
518 632 1555
1394 288 1554
301 353 325
809 290 941
757 549 1045
896 458 1510
725 119 1227
1258 315 2492
139 264 608
1103 166 1341
271 443 415
22 585 60
339 531 875
183 39 1198
928 626 1075
788 146 1846
761 571 1023
410 457 1470
223 661 321
20 189 72
682 594 700
700 173 1041
1071 465 1464
1281 449 1459
495 214 563
1101 18 1434
96 61 159
289 503 312
704 566 943
1031 332 1794
1195 436 1496
757 321 787
1057 353 1455
556 89 778
1177 399 1627
1130 237 1381
134 59 405
916 463 1261
43 105 1149
826 699 1032
298 591 902
666 152 1515
802 224 1218
815 688 1019
220 316 1428
1364 654 1710
1404 696 1915
807 255 1440
845 55 1599
107 401 152
434 183 1441
266 582 1062
381 101 757
1373 224 2177
404 465 521
265 245 368
1414 668 1786
1400 693 2205
877 224 1109
662 229 1619
253 371 1296
746 428 1012
888 225 1413
49 118 251
360 451 375
480 307 1414
413 444 1029
518 190 802
738 127 1559
8 506 275
116 401 246
1412 397 1657
583 52 819
852 130 1820
148 166 1322
93 289 253
177 685 316
36 519 91
26 230 262
1258 679 1270
524 318 1398
1155 693 1894
1051 57 1605
545 630 849
133 257 258
14 548 410
1246 650 1872
14 319 224
1238 629 1489
601 533 785
812 646 1079
92 53 396
875 369 1484
1431 273 1480
1278 426 1373
966 384 1576
238 508 855
114 683 327
1266 524 1742
391 597 642
1366 310 1546
682 107 1255
1313 154 1909
619 215 1222
593 22 1286
388 293 781
326 178 486
105 445 222
501 462 632
98 393 344
984 552 1114
600 233 1349
36 162 91
670 608 1063
170 106 174
1122 563 2334
595 224 1535
1195 294 1444
692 200 927
1177 441 1665
674 507 765
610 479 969
682 175 839
177 671 410
1203 114 2407
381 121 1157
843 598 1790
588 695 922
689 480 1545
623 100 1624
284 73 660
779 685 1564
1257 181 1570
519 115 1387
121 188 298
866 658 1516
103 82 116
364 246 1237
183 640 979
1309 531 1963
1089 192 1632
223 603 275
811 650 1191
947 412 1394
298 209 417
1068 24 1284
5 529 35
656 34 1450
610 89 985
622 564 1334
243 31 307
335 383 385
410 300 421
101 599 520
514 609 1189
1255 93 1597
452 211 1423
584 325 1185
394 543 1595
1098 410 2358
1286 505 1464
200 291 303
606 490 1282
1419 587 2247
1381 299 1893
655 265 967
244 448 688
829 316 1579
611 423 1568
761 98 1290
1017 516 1543
13 175 405
673 453 1274
1196 334 1872
680 82 810
929 652 1351
452 548 662
712 665 1007
1424 600 2113
1218 690 1378
1259 421 1841
669 29 1588
1074 369 1183
632 266 1028
1133 420 1532
874 401 1088
483 602 662
118 21 223
388 237 410
606 346 1254
485 379 946
657 583 805
715 482 1252
1201 224 2046
730 163 980
617 674 1351
749 108 1538
1104 51 1317
1297 144 1456
124 99 195
142 198 323
741 546 1336
363 282 1505
1396 276 1493
294 119 1030
174 286 175
120 138 141
280 464 903
1192 297 1743
1408 83 1641
566 399 1781
721 591 959
163 312 224
954 170 1248
729 263 849
558 356 1194
1234 543 1456
483 120 908
1041 17 1735
343 654 477
990 294 1112
883 402 943
1289 435 1926
275 507 331
856 460 997
1208 67 2048
685 672 1197
59 145 214
322 365 508
891 2 1707
533 321 1219
1132 88 2294
1091 641 1436
1199 175 1206
847 292 1229
1347 350 1782
687 296 1398
689 213 1165
523 401 527
363 252 1106
1107 517 2295
1287 60 2410
1127 389 1236
1304 578 1457
343 169 508
523 325 1234
474 77 1433
436 220 1065
10 384 192
1259 301 1691
153 587 413
1113 3 1412
632 314 1479
68 433 118
165 42 278
1081 373 1757
295 432 347
336 428 1513
57 484 409
936 231 1177
255 258 292
560 576 1850
423 392 1105
552 407 1059
185 435 196
547 640 1133
1390 637 1642
690 474 846
1375 357 1753
538 601 746
1276 123 1286
394 539 490
1414 270 2279
1382 609 1599
353 668 530
21 205 77
874 203 1473
735 102 1385
1201 523 1505
1361 644 1716
949 161 1086
502 664 1061
1100 35 1160
803 147 1493
76 447 853
124 238 228
1136 51 2062
564 576 874
302 494 1443
972 631 1423
817 406 1188
727 352 1458
146 643 1409
1225 329 1290
476 447 1301
1209 137 2323
131 215 148
1257 24 1739
848 330 870
753 602 941
452 29 1205
1025 118 1734
1402 696 1967
499 495 611
498 306 1433
576 540 670
1235 426 1313
1163 38 1877
1043 453 1169
1333 278 1596
797 417 1080
923 345 1558
1082 335 2308
891 180 1423
727 352 1464
886 208 1852
1006 283 1774
324 360 408
371 696 396
76 77 1356
393 276 820
1243 485 1321
1279 204 2458
997 154 1349
1324 76 2119
326 358 1003
887 94 1470
781 111 1658
1359 301 1717
399 289 1001
953 372 1318
1145 127 1836
600 633 938
1251 546 1382
1125 345 1817
886 293 1447
406 671 427
470 73 1053
920 676 1573
291 192 1182
295 307 1133
1012 417 1414
1003 313 1098
198 356 540
1129 225 1426
1378 65 2572
971 529 1937
1435 334 2456
1299 477 2559
1037 409 1177
847 68 1576
1340 666 2111
626 397 939
591 34 1160
1030 687 1967
1339 204 1622
970 196 1501
28 472 242
942 136 1413
1384 511 1499
1002 158 1590
833 409 842
112 141 132
1001 400 2250
1284 550 2450
868 240 1159
858 73 1364
422 505 615
15 655 173
1075 409 1526
1317 155 1376
748 489 1794
1237 231 2318
1097 459 1558
852 56 1430
1154 247 1552
179 339 1158
11 301 414
1352 303 1728
293 283 1324
25 167 118
933 660 1218
381 516 608
202 190 357
148 454 170
549 499 1358
615 169 664
246 621 431
551 78 1104
890 425 1316
475 242 829
653 256 1140
28 361 244
197 41 282
82 448 355
446 368 976
155 647 763
38 228 380
318 117 915
479 529 1404
1054 435 1253
250 394 471
7 604 210
1189 480 1747
55 573 146
1026 567 1375
981 364 1460
989 410 1372
1134 420 1661
254 626 1497
790 331 1901
347 145 775
1093 217 1302
490 76 567
459 132 1370
599 626 608
128 397 210
1285 142 1538
296 433 496
528 33 1598
51 583 55
327 198 1067
778 404 1219
759 327 877
385 126 1078
562 586 566
867 129 1919
1342 220 1457
981 202 1510
756 364 1641
196 310 1009
1318 17 1855
139 260 505
963 303 1295
80 391 275
955 301 1462
116 679 120
522 194 1664
576 376 1932
153 282 167
1270 586 1613
1314 595 1447
88 531 187
662 675 1665
933 401 1559
465 645 874
63 588 349
1009 439 1602
1363 513 2300
764 468 1154
196 544 328
229 140 363
1147 75 2540
717 269 1496
1066 53 1282
897 46 1196
1095 235 1363
617 295 650
926 84 1313
681 554 1019
794 293 1623
1370 564 1901
895 506 1213
931 608 958
1069 514 1986
971 413 1979
659 620 722
1344 550 1546
508 96 858
436 541 778
225 672 397
360 639 1295
949 560 1582
445 157 736
932 510 1101
1175 442 1300
362 302 1430
272 637 292
740 402 1064
1170 554 1267
287 542 1405
1164 569 2115
1202 540 1665
1364 9 2207
1006 611 1986
1045 283 2107
776 459 1237
954 492 1792
876 279 1300
463 319 974
992 625 1339
245 270 382
302 574 431
836 320 1721
1110 497 1941
1364 420 1401
1327 194 1348
1361 474 1626
888 511 1525
564 429 927
660 594 1194
580 261 1425
337 32 487
472 71 1197
463 540 649
600 251 1441
1258 451 1310
1279 402 1615
949 112 1279
455 73 974
1129 400 1349
396 267 647
204 437 245
1219 115 1631
444 605 951
549 436 1386
1265 198 1372
710 169 838
374 568 587
1324 496 1523
203 644 1094
630 199 785
97 359 304
563 661 1251
316 262 1218
817 541 1293
36 44 348
227 345 388
664 271 794
1133 679 1250
402 587 850
690 394 1616
413 613 592
183 298 370
336 578 1127
422 318 1227
809 167 877
317 673 418
166 353 274
712 514 904
193 2 491
306 48 428
1415 129 2287
224 648 248
1119 82 1199
12 36 46
365 300 423
401 299 1792
93 158 184
1014 453 1601
530 111 1821
254 73 275
161 184 234
991 307 1953
882 440 1561
1086 39 1281
262 200 320
1258 416 1630
214 142 1302
969 590 1284
509 245 1505
1005 478 2036
487 87 1529
893 331 1924
1297 419 1304
491 269 805
1189 244 2026
25 242 286
1332 336 2202
70 653 165
507 436 524
650 502 1437
1227 78 1248
179 580 1506
1100 407 2020
1230 536 1330
936 412 1579
1350 665 1859
807 194 1076
913 169 1358
390 659 1274
1255 481 1626
373 482 664
920 248 1173
721 527 1122
1371 415 1480
1079 560 1437
896 494 1707
307 287 1351
1421 282 1515
1422 587 2152
658 444 1439
556 92 1022
1005 683 1279
146 587 416
1296 348 1406
1177 161 2150
1311 45 1357
52 369 388
1378 635 1964
1347 64 1872
1204 556 1722
581 495 1586
151 414 1098
126 632 1067
395 19 399
681 304 1670
362 121 1104
1057 486 1889
659 125 1031
1175 534 1323
316 24 968
1382 338 1645
867 245 1222
450 138 1033
1149 273 1158
487 59 807
805 46 1436
1401 506 1986
1304 146 2022
1288 118 1560
448 89 631
129 3 216
455 214 955
968 219 1843
149 243 319
824 622 1697
279 279 355
993 550 2296
678 180 842
519 101 1547
853 174 1329
715 369 1412
737 270 1622
376 379 1515
273 659 281
436 98 1089
319 27 1407
374 78 1026
633 278 1514
251 208 380
1161 400 1223
1342 397 1354
996 59 1973
843 112 1495
1184 243 1663
742 468 765
327 179 397
477 375 1279
272 70 1296
23 1 536
1061 644 1145
883 148 929
316 10 884
251 295 255
1181 581 1399
344 337 1296
615 616 1247
716 44 1159
31 614 294
654 337 1241
759 440 1296
73 80 1343
590 197 1026
427 636 1118
721 24 2013
3 552 5
1316 381 1410
459 368 1119
133 245 482
196 517 365
1287 323 1570
1262 304 2226
58 581 122
816 243 1053
258 236 342
172 429 1006
371 100 1174
791 358 1325
782 589 1163
926 614 1161
905 427 1525
998 318 1936
1194 636 1571
1303 189 2257
1011 516 1011
479 616 1179
1202 164 1351
168 103 899
59 79 400
1283 50 1460
208 686 1592
207 489 1318
422 449 825
1022 506 1748
636 230 1310
307 559 424
1040 695 1635
1089 447 1856
288 475 1046
1367 334 2257
663 502 1322
87 307 619
1394 268 1795
1307 543 1478
1358 655 1706
992 402 1243
1305 685 1892
1128 62 1331
173 66 262
838 657 1062
834 630 1496
22 373 129
1014 167 1451
1381 635 1662
874 674 1409
1333 196 1609
208 581 229
380 406 394
1148 193 1335
418 214 469
1037 556 1962
1106 86 1550
125 297 429
529 103 1512
578 67 1237
677 406 1552
1214 196 1699
731 355 1359
1018 479 1490
1049 333 1575
1142 591 2261
522 553 1545
947 59 1549
1322 91 1648
251 183 305
254 373 875
931 298 1025
476 486 1252
713 587 1086
556 154 1280
932 320 1147
825 581 914
619 616 902
142 420 1335
83 557 303
581 200 707
678 586 1303
46 499 201
580 238 1085
817 42 1226
942 514 1631
1233 233 1285
738 287 1152
306 195 364
399 281 1182
300 631 1605
990 257 993
424 490 636
1216 360 1556
939 483 1392
1053 165 1188
946 183 1938
1000 132 1443
396 602 1428
565 636 1178
1001 307 1939
556 432 1054
13 448 181
484 610 1367
887 534 1890
99 41 191
1077 352 1193
547 298 1381
611 319 943
61 423 364
618 373 820
281 328 462
508 450 1687
898 673 1058
397 80 634
392 232 957
1286 692 1676
267 454 387
1079 440 2189
1001 414 1826
402 120 1329
50 262 126
1361 221 1960
1034 505 1677
1289 662 1810
802 297 933
883 567 2106
504 429 930
634 581 1666
718 136 1649
933 110 1005
596 202 1374
1254 150 2107
716 360 1274
571 114 681
818 374 1124
275 390 559
331 311 394
509 242 1177
958 289 2176
1436 320 2301
1263 8 1434
1133 82 2392
146 216 1382
1291 648 1463
1135 372 2011
395 514 661
637 420 1287
1020 331 1331
276 416 603
528 404 1425
512 89 557
567 164 916
491 312 531
1187 356 1298
427 346 1236
521 312 1507
1188 559 1415
647 259 689
218 388 593
11 550 53
1215 229 1380
680 691 1324
12 76 38
1098 440 1502
95 578 283
538 206 1539
728 458 865
529 643 994
864 652 1860
148 96 268
648 360 653
622 508 898
1433 695 1552
980 301 1429
1355 210 2081
1338 196 1441
930 638 1162